3.353173e-16 1.479132e-17 6.950758e-18 -3.504069e-19 4.569008e-18 5.370747e-18 8.403866e-18 6.689049e-18 1.611193e-18
1.479132e-17 9.442766e-17 1.009899e-17 7.803344e-20 3.508553e-18 2.652446e-18 4.535743e-18 3.242528e-18 -2.837474e-18
6.950758e-18 1.009899e-17 4.660913e-17 6.215822e-18 1.122408e-18 8.474276e-20 1.667841e-18 1.915545e-18 1.159610e-18
-3.504069e-19 7.803344e-20 6.215822e-18 3.479447e-17 2.371077e-18 -1.937520e-18 -1.109199e-18 -1.968996e-18 1.313475e-18
4.569008e-18 3.508553e-18 1.122408e-18 2.371077e-18 3.216697e-17 2.679256e-18 2.432236e-18 -7.844423e-19 2.118443e-18
5.370747e-18 2.652446e-18 8.474276e-20 -1.937520e-18 2.679256e-18 3.744666e-17 1.436042e-18 -2.134051e-19 2.843018e-18
8.403866e-18 4.535743e-18 1.667841e-18 -1.109199e-18 2.432236e-18 1.436042e-18 4.136625e-17 9.278043e-19 1.318913e-18
6.689049e-18 3.242528e-18 1.915545e-18 -1.968996e-18 -7.844423e-19 -2.134051e-19 9.278043e-19 3.817698e-17 1.813324e-18
1.611193e-18 -2.837474e-18 1.159610e-18 1.313475e-18 2.118443e-18 2.843018e-18 1.318913e-18 1.813324e-18 3.784431e-17
