# As_1e9 ns H0 omegab omegam w0pwa w DES_BARYON_Q1 DES_DZ_S1 DES_DZ_S2 DES_DZ_S3 DES_DZ_S4 DES_A1_1 DES_A1_2 DES_DZ_L1 DES_DZ_L2 DES_DZ_L3 DES_DZ_L4 DES_DZ_L5 DES_B1_1 DES_B1_2 DES_B1_3 DES_B1_4 DES_B1_5 DES_M1 DES_M2 DES_M3 DES_M4
7.031571279011109010e-02 1.137687699104527640e-02 -1.202634337360363181e+00 -4.672927820681500519e-04 -1.317705166756861102e-03 1.000136131155447278e-01 -2.280421452475692168e-02 1.262438124548238283e-01 -3.321185451247877921e-05 3.931304953113983131e-05 9.056778265459826404e-05 3.150680007400622536e-04 -7.579384310168660712e-05 -9.824709601107964665e-03 -2.702498615864508123e-05 1.636936554564682081e-05 1.137056802511760669e-05 9.560184786596392554e-06 -1.201916638568178908e-05 -1.471968102337132839e-04 -3.893150913404072383e-04 -7.612955085058136775e-04 -2.026594962041385409e-03 -3.500771759877115835e-03 1.689843845876331499e-05 1.491943190148132926e-05 2.713641270947916265e-04 2.030869345450073528e-04
1.137687699104527640e-02 2.987384970187140307e-03 -1.022851534292719272e-01 1.947427381625860756e-05 -4.688003340324459743e-04 1.390572588916539308e-03 -2.835071426824126595e-03 4.901000357422799492e-02 -5.761484255694118885e-08 1.110721297548990775e-07 -1.132385569286629692e-05 -6.488950780371308550e-06 1.467287565453155064e-03 2.844426745080992289e-03 -3.797460841628989195e-07 9.896882448395721005e-06 7.879089992570340097e-06 -9.897343232698773172e-07 -1.875469969780334123e-07 -5.316456259966592093e-04 -4.062924050258691182e-04 -2.378706637878217440e-04 -2.794199450703921590e-04 -3.057020811517221505e-04 1.337503914298893104e-05 1.299768449628653660e-05 8.386349090831795306e-06 -1.904592016294652472e-06
-1.202634337360363181e+00 -1.022851534292719272e-01 8.078940674112169518e+01 1.919420268283488287e-02 -1.711349087069387598e-01 5.478591696009601497e-01 -1.298032606675543432e+00 -1.846090042027764000e-01 2.330710836972778137e-03 -3.217872602142561492e-04 -2.550854122083177303e-03 -8.713184928062568321e-03 6.911677030612269901e-01 1.619256505182143924e+00 3.745702737603837009e-03 2.260979912653505487e-03 8.868160033387849925e-04 -1.273629482834823148e-04 6.215065074797624994e-04 -2.424375653825434629e-01 -1.611111987689026470e-01 -1.110557543608279851e-01 -1.066365929525656259e-01 -9.232353544300604675e-02 4.897717205305219222e-03 4.633653530314716350e-03 -4.452073994843444571e-03 -4.290227106835493333e-03
-4.672927820681500519e-04 1.947427381625860756e-05 1.919420268283488287e-02 1.062696352495238908e-04 1.821475307165987766e-04 -1.655268422571184311e-03 1.622241743616254688e-03 3.633722782151933752e-03 -5.413443799637156689e-06 -9.013370536136617913e-08 2.844393949157863436e-06 7.441387408528618524e-06 -6.585637716213122318e-04 -1.130734715090735316e-03 -4.440317776823105721e-06 -2.383619003362957365e-06 -8.362596991142927681e-07 -2.092585008011882889e-07 7.383657700478988878e-07 2.564010998963430019e-04 1.725934175114927915e-04 1.324702993217821332e-04 1.354198143980403642e-04 1.296180807944272921e-04 -2.410856054513787008e-06 -3.790704226406662907e-06 3.702939399364581225e-06 2.850610202614612849e-06
-1.317705166756861102e-03 -4.688003340324459743e-04 -1.711349087069387598e-01 1.821475307165987766e-04 1.259645710737916863e-03 -7.770881067449877597e-03 1.242514831155311708e-02 3.303655603283643053e-03 -2.784487730159475660e-05 -1.791635370247320817e-06 2.718175216091090309e-05 5.822741972207091130e-05 -5.143609163297819219e-03 -8.028642524201656805e-03 -2.911602617222919955e-05 -1.862051047149469290e-05 -6.300393101068021958e-06 2.596423327193303775e-06 -7.866519326394327292e-07 1.183528673617999369e-03 5.389831490733167736e-04 1.980120237149858272e-04 8.786788041783742068e-05 3.606778637324544991e-05 -3.154282369234451261e-05 -2.660431924085143062e-05 4.652912853977956344e-05 3.463642308340088554e-05
1.000136131155447278e-01 1.390572588916539308e-03 5.478591696009600387e-01 -1.655268422571184095e-03 -7.770881067449877597e-03 1.909816835778335387e+00 -4.334409722143746646e-01 -5.444506945412431326e-02 -1.566827910590493490e-04 -4.411498563042132610e-05 9.579892485230659697e-04 2.542665167700166196e-03 6.223537752599633995e-04 -2.901993383170720087e-01 -2.565911870912666024e-04 -4.377152796443446606e-04 -3.408074767492000594e-04 -4.042966978058556396e-04 -3.731108479105261447e-04 3.164886094322166138e-02 2.165257753954630618e-02 1.067262080352601381e-02 1.659149589138836519e-04 -9.322396671882534139e-03 -5.899066042121478841e-05 -1.143091738632806987e-04 7.021109829076546118e-04 1.052681598291721260e-03
-2.280421452475692168e-02 -2.835071426824126595e-03 -1.298032606675543432e+00 1.622241743616254688e-03 1.242514831155311708e-02 -4.334409722143746646e-01 2.655462450142264119e-01 8.304010909744502511e-02 -3.964882887593391015e-04 9.880886844453468923e-05 5.404533541693942083e-04 9.095500171872459476e-04 -6.398604574992027005e-02 5.343665062431807167e-02 -3.171522174239910447e-04 -6.681559546796760811e-05 6.120659169864358284e-05 2.507718045731781027e-04 8.150711311095443126e-05 -9.979466805987319625e-03 -1.552179491487043310e-02 -1.664987395372149667e-02 -1.940245127961245930e-02 -1.993215650456496568e-02 -3.607716303795039867e-04 5.050417403500369135e-06 1.885075877040576610e-03 1.151695476573023121e-03
1.262438124548238283e-01 4.901000357422799492e-02 -1.846090042027764000e-01 3.633722782151933752e-03 3.303655603283643053e-03 -5.444506945412431326e-02 8.304010909744502511e-02 2.932885769346678551e+00 -9.216407614981029020e-04 4.582814363538620047e-04 9.878142074392700245e-04 1.513667298350493623e-03 -6.299762572243808312e-02 3.594360913369199495e-01 9.526995907280455750e-05 1.025151244536471798e-04 3.125367200907102900e-04 3.862010429133976865e-04 1.366270192492742986e-04 -6.832086612254205903e-03 -1.587112734111521123e-02 -1.752574372420052234e-02 -2.118523952541477226e-02 -2.068745806583483296e-02 1.662553422887899494e-04 1.104419126663805026e-03 4.007107888498859759e-03 2.329746872015564518e-03
-3.321185451247877921e-05 -5.761484255694118885e-08 2.330710836972778137e-03 -5.413443799637156689e-06 -2.784487730159475660e-05 -1.566827910590493490e-04 -3.964882887593391015e-04 -9.216407614981029020e-04 1.759693656893529805e-04 3.894487296079874591e-05 -7.401294979289897104e-07 -6.082050932121734790e-06 8.828742321355222480e-04 -1.235050134831701570e-02 3.558373437503092877e-06 -1.280063304025619051e-07 -1.058194181560398534e-06 -7.260151535670229451e-07 1.353557708698387085e-06 -1.412964288011950524e-05 2.213428375913277670e-06 1.595362446514978438e-05 4.105641258764153648e-05 6.379392665392335745e-05 -3.491826564438526637e-05 3.105171808070097131e-05 3.206704771336826235e-06 2.979590924806239766e-06
3.931304953113981776e-05 1.110721297548994481e-07 -3.217872602142561492e-04 -9.013370536136616589e-08 -1.791635370247320817e-06 -4.411498563042133965e-05 9.880886844453466212e-05 4.582814363538620047e-04 3.894487296079874591e-05 1.147734598984609551e-04 8.335958018951795958e-06 8.944048725070767778e-06 4.789268161326864040e-04 -3.341814669298558225e-03 2.197219708878644723e-07 1.688265003051791401e-06 1.637964857145156804e-06 1.831382510012412240e-06 -3.127236333063451955e-07 -9.978324092677111757e-06 -4.745911393062697262e-06 -1.020276758769361010e-05 -1.351402763074724503e-05 -2.460138008908022898e-05 1.351733881836947338e-05 -4.408554671089374874e-05 1.957909888474431925e-05 1.426502322023702074e-05
9.056778265459825049e-05 -1.132385569286629692e-05 -2.550854122083177303e-03 2.844393949157863436e-06 2.718175216091090986e-05 9.579892485230659697e-04 5.404533541693942083e-04 9.878142074392700245e-04 -7.401294979289899222e-07 8.335958018951794264e-06 9.854720903025113317e-05 2.694157509757465625e-05 3.104763931734840589e-05 3.042489950656135193e-03 4.274974847785861357e-07 1.064785158878375263e-07 3.413607785445737527e-06 8.920898455370134350e-06 -5.027649540079341653e-07 -7.275173095240989079e-06 -4.615843352205666007e-05 -6.819812903890857311e-05 -9.856821671608609857e-05 -1.436278723775258890e-04 -4.736688810277508603e-07 6.339044604435063454e-06 -3.008153166926390106e-05 2.000002725833068879e-05
3.150680007400622536e-04 -6.488950780371308550e-06 -8.713184928062568321e-03 7.441387408528618524e-06 5.822741972207091130e-05 2.542665167700166196e-03 9.095500171872459476e-04 1.513667298350493406e-03 -6.082050932121734790e-06 8.944048725070767778e-06 2.694157509757465625e-05 3.275205468018160468e-04 -5.018102120349414658e-04 2.932729689300981549e-03 8.832954614509647093e-07 -7.807530319217519304e-07 8.590723236714416790e-07 1.106976197030995666e-05 5.168841177037117131e-06 2.071880479153640888e-05 -4.687900274131121610e-05 -1.000722023372118048e-04 -1.594041425786996136e-04 -2.343710116506373601e-04 2.184266000319777707e-06 9.155085296484149468e-06 5.105905056646229285e-05 -8.055913409566133174e-05
-7.579384310168660712e-05 1.467287565453155064e-03 6.911677030612269901e-01 -6.585637716213122318e-04 -5.143609163297819219e-03 6.223537752599633995e-04 -6.398604574992027005e-02 -6.299762572243808312e-02 8.828742321355222480e-04 4.789268161326864040e-04 3.104763931734839911e-05 -5.018102120349414658e-04 8.773289697216428429e-02 1.998490652965575487e-01 1.148279076133019012e-04 -9.983278171937181287e-06 -5.238256729907044581e-05 -3.486974340938854837e-04 -1.651258705309422965e-04 -2.316083354373601674e-03 1.109428216909418138e-03 2.519475107303245035e-03 3.886374505622284224e-03 5.045291966475060064e-03 2.495316375023868649e-04 1.286096596783445171e-04 -7.281212716484430827e-04 -4.883100224513747898e-04
-9.824709601107964665e-03 2.844426745080991421e-03 1.619256505182143924e+00 -1.130734715090735316e-03 -8.028642524201656805e-03 -2.901993383170720087e-01 5.343665062431807167e-02 3.594360913369199495e-01 -1.235050134831701570e-02 -3.341814669298558225e-03 3.042489950656135193e-03 2.932729689300981549e-03 1.998490652965575487e-01 4.761851401993508759e+00 1.665458669794246411e-03 1.069051723133471188e-03 3.834911670340690492e-04 -8.334246081646853139e-04 -9.094595133599556137e-04 -1.552125942057028078e-02 -1.809583623443430239e-02 -1.590352271975973425e-02 -1.913738279255948124e-02 -2.013542403300261699e-02 -3.946856460085391115e-03 -3.342936691479378442e-03 3.811159030797971539e-03 2.164521510114742961e-03
-2.702498615864508123e-05 -3.797460841628989195e-07 3.745702737603837009e-03 -4.440317776823105721e-06 -2.911602617222919955e-05 -2.565911870912666024e-04 -3.171522174239910447e-04 9.526995907280457105e-05 3.558373437503092877e-06 2.197219708878644723e-07 4.274974847785861357e-07 8.832954614509647093e-07 1.148279076133019012e-04 1.665458669794246411e-03 5.424510776144874426e-05 1.132120948279178354e-06 9.898076388366682305e-07 6.274793867993264642e-07 -6.252859261867786540e-07 1.388907988194510910e-04 1.056676945614874020e-06 1.004583791217642755e-05 2.572750002212723878e-05 2.957658854957087113e-05 -4.651224946171519437e-08 2.089175066551430115e-06 -2.706531104950649652e-06 -3.062438294904116930e-06
1.636936554564682759e-05 9.896882448395721005e-06 2.260979912653505487e-03 -2.383619003362957365e-06 -1.862051047149469290e-05 -4.377152796443446606e-04 -6.681559546796760811e-05 1.025151244536471798e-04 -1.280063304025619580e-07 1.688265003051791612e-06 1.064785158878375263e-07 -7.807530319217519304e-07 -9.983278171937177899e-06 1.069051723133471188e-03 1.132120948279178354e-06 4.339983469468668262e-05 7.801107276242393590e-07 1.232981290212795840e-06 1.119993141923757269e-06 -1.471284405953113861e-05 6.292392542161547161e-05 -4.882341756329807624e-06 2.094878633706632941e-06 2.383762145679179979e-06 -1.461477261662277590e-06 1.632675305017986475e-06 1.368872655436275487e-06 5.697218155814905155e-07
1.137056802511760669e-05 7.879089992570340097e-06 8.868160033387849925e-04 -8.362596991142929799e-07 -6.300393101068021958e-06 -3.408074767492000594e-04 6.120659169864358284e-05 3.125367200907103443e-04 -1.058194181560398534e-06 1.637964857145156804e-06 3.413607785445737527e-06 8.590723236714414672e-07 -5.238256729907044581e-05 3.834911670340690492e-04 9.898076388366680188e-07 7.801107276242392531e-07 4.366769919485646612e-05 4.509389304092013220e-07 1.180239239676993920e-06 -1.298201958141105255e-05 -1.337444336021765355e-05 4.981306465305310600e-05 -1.815221990115395895e-05 -1.558463356639369651e-05 1.644905027660440314e-06 9.181543009383138832e-08 1.192689374873548917e-06 1.664379735495874339e-07
9.560184786596389166e-06 -9.897343232698766819e-07 -1.273629482834823148e-04 -2.092585008011882624e-07 2.596423327193304198e-06 -4.042966978058556396e-04 2.507718045731781027e-04 3.862010429133977407e-04 -7.260151535670228393e-07 1.831382510012412663e-06 8.920898455370134350e-06 1.106976197030995666e-05 -3.486974340938854837e-04 -8.334246081646853139e-04 6.274793867993264642e-07 1.232981290212795840e-06 4.509389304092014808e-07 7.834236936669432456e-05 1.387083083040344990e-06 -2.514064481626891883e-05 -1.620035614445693709e-05 -3.323898349127051531e-05 6.450381984054248880e-05 -4.370763079038281809e-05 2.653046985568489576e-07 9.866161138503515278e-07 3.082363618062163188e-06 2.344034668372174311e-06
-1.201916638568179586e-05 -1.875469969780367475e-07 6.215065074797628247e-04 7.383657700478993113e-07 -7.866519326394305058e-07 -3.731108479105261447e-04 8.150711311095437705e-05 1.366270192492741089e-04 1.353557708698385391e-06 -3.127236333063439779e-07 -5.027649540079332124e-07 5.168841177037116284e-06 -1.651258705309422965e-04 -9.094595133599556137e-04 -6.252859261867785481e-07 1.119993141923757057e-06 1.180239239676993920e-06 1.387083083040344779e-06 9.604729847300475876e-05 -1.185712328202011101e-05 -6.750820219432807144e-06 -9.097986633884155090e-06 -9.894890597603264488e-07 1.332718962061763197e-04 -6.371734342368141035e-07 6.457118176168665701e-07 5.823696600747877984e-07 1.226326562017605546e-07
-1.471968102337132839e-04 -5.316456259966592093e-04 -2.424375653825434629e-01 2.564010998963430019e-04 1.183528673617999369e-03 3.164886094322166138e-02 -9.979466805987319625e-03 -6.832086612254205903e-03 -1.412964288011950863e-05 -9.978324092677111757e-06 -7.275173095240989079e-06 2.071880479153640888e-05 -2.316083354373601674e-03 -1.552125942057028078e-02 1.388907988194510910e-04 -1.471284405953113861e-05 -1.298201958141105424e-05 -2.514064481626891883e-05 -1.185712328202011101e-05 8.907093584119788604e-03 4.529552666251613832e-03 3.995801385859236270e-03 4.509986906068181103e-03 4.597637984187412027e-03 -2.776789161302855316e-05 -3.496869081122776218e-05 -1.191687920289357988e-04 -3.971056916409346427e-05
-3.893150913404072383e-04 -4.062924050258691182e-04 -1.611111987689026470e-01 1.725934175114927915e-04 5.389831490733167736e-04 2.165257753954630618e-02 -1.552179491487043310e-02 -1.587112734111521123e-02 2.213428375913277670e-06 -4.745911393062696415e-06 -4.615843352205666007e-05 -4.687900274131121610e-05 1.109428216909418138e-03 -1.809583623443430239e-02 1.056676945614874655e-06 6.292392542161547161e-05 -1.337444336021765355e-05 -1.620035614445693370e-05 -6.750820219432808838e-06 4.529552666251613832e-03 7.508006757728008171e-03 4.236072385058506362e-03 4.964247149186493645e-03 5.183842039899622806e-03 1.406965050285300703e-06 -4.183552648024098326e-05 -2.025742673254320701e-04 -9.905841540020231305e-05
-7.612955085058144365e-04 -2.378706637878218524e-04 -1.110557543608279851e-01 1.324702993217821874e-04 1.980120237149857187e-04 1.067262080352600687e-02 -1.664987395372149667e-02 -1.752574372420051887e-02 1.595362446514979454e-05 -1.020276758769359654e-05 -6.819812903890857311e-05 -1.000722023372118319e-04 2.519475107303245035e-03 -1.590352271975973772e-02 1.004583791217642925e-05 -4.882341756329797459e-06 4.981306465305310600e-05 -3.323898349127051531e-05 -9.097986633884155090e-06 3.995801385859236270e-03 4.236072385058506362e-03 6.341559696591133818e-03 5.038125206396852802e-03 5.383333447320968156e-03 2.610816413750216856e-05 -4.724154939241890475e-05 -2.639745736637687679e-04 -1.394056103759605200e-04
-2.026594962041385409e-03 -2.794199450703921590e-04 -1.066365929525656259e-01 1.354198143980403642e-04 8.786788041783742068e-05 1.659149589138836519e-04 -1.940245127961245930e-02 -2.118523952541477226e-02 4.105641258764154326e-05 -1.351402763074724503e-05 -9.856821671608609857e-05 -1.594041425786996136e-04 3.886374505622284224e-03 -1.913738279255948124e-02 2.572750002212723878e-05 2.094878633706632518e-06 -1.815221990115395895e-05 6.450381984054248880e-05 -9.894890597603264488e-07 4.509986906068181103e-03 4.964247149186493645e-03 5.038125206396852802e-03 8.857176134218025174e-03 6.787710210558206905e-03 3.176558714056367834e-05 -5.045937579782424124e-05 -3.621766605356202019e-04 -2.187321524406355463e-04
-3.500771759877115835e-03 -3.057020811517221505e-04 -9.232353544300604675e-02 1.296180807944272921e-04 3.606778637324544991e-05 -9.322396671882534139e-03 -1.993215650456496568e-02 -2.068745806583483643e-02 6.379392665392335745e-05 -2.460138008908022898e-05 -1.436278723775258890e-04 -2.343710116506373601e-04 5.045291966475060064e-03 -2.013542403300261699e-02 2.957658854957087113e-05 2.383762145679182097e-06 -1.558463356639369651e-05 -4.370763079038281809e-05 1.332718962061763197e-04 4.597637984187412027e-03 5.183842039899622806e-03 5.383333447320968156e-03 6.787710210558206905e-03 1.242316698061171273e-02 2.591824389259288056e-05 -3.703683957936772128e-05 -4.199641734691322804e-04 -2.608391744628643085e-04
1.689843845876334209e-05 1.337503914298894290e-05 4.897717205305219222e-03 -2.410856054513787008e-06 -3.154282369234452616e-05 -5.899066042121495104e-05 -3.607716303795038240e-04 1.662553422887896783e-04 -3.491826564438526637e-05 1.351733881836947338e-05 -4.736688810277500663e-07 2.184266000319778554e-06 2.495316375023868649e-04 -3.946856460085391115e-03 -4.651224946171571053e-08 -1.461477261662276743e-06 1.644905027660440526e-06 2.653046985568489576e-07 -6.371734342368139976e-07 -2.776789161302855316e-05 1.406965050285299433e-06 2.610816413750216179e-05 3.176558714056367834e-05 2.591824389259288734e-05 5.046454168682072347e-04 1.276042802461415972e-05 5.475430203970604569e-06 3.205686283088003306e-06
1.491943190148132926e-05 1.299768449628653490e-05 4.633653530314716350e-03 -3.790704226406662907e-06 -2.660431924085143062e-05 -1.143091738632807258e-04 5.050417403500367441e-06 1.104419126663804592e-03 3.105171808070097131e-05 -4.408554671089374874e-05 6.339044604435063454e-06 9.155085296484149468e-06 1.286096596783445171e-04 -3.342936691479378442e-03 2.089175066551430115e-06 1.632675305017986475e-06 9.181543009383128244e-08 9.866161138503515278e-07 6.457118176168667818e-07 -3.496869081122776218e-05 -4.183552648024097648e-05 -4.724154939241889797e-05 -5.045937579782424124e-05 -3.703683957936772128e-05 1.276042802461415972e-05 4.644976081354803632e-04 2.846776358571916055e-05 1.851708364567245267e-05
2.713641270947916265e-04 8.386349090831791918e-06 -4.452073994843444571e-03 3.702939399364581225e-06 4.652912853977956344e-05 7.021109829076546118e-04 1.885075877040576827e-03 4.007107888498859759e-03 3.206704771336826658e-06 1.957909888474431925e-05 -3.008153166926390106e-05 5.105905056646229285e-05 -7.281212716484430827e-04 3.811159030797971539e-03 -2.706531104950649652e-06 1.368872655436275699e-06 1.192689374873549340e-06 3.082363618062163188e-06 5.823696600747877984e-07 -1.191687920289358259e-04 -2.025742673254320701e-04 -2.639745736637687679e-04 -3.621766605356202019e-04 -4.199641734691322804e-04 5.475430203970604569e-06 2.846776358571916055e-05 4.048978604247376804e-04 7.084678456211649202e-05
2.030869345450072986e-04 -1.904592016294655436e-06 -4.290227106835493333e-03 2.850610202614613272e-06 3.463642308340088554e-05 1.052681598291721260e-03 1.151695476573023121e-03 2.329746872015564518e-03 2.979590924806238495e-06 1.426502322023702074e-05 2.000002725833068879e-05 -8.055913409566134529e-05 -4.883100224513747898e-04 2.164521510114742527e-03 -3.062438294904116507e-06 5.697218155814911508e-07 1.664379735495874339e-07 2.344034668372174311e-06 1.226326562017602370e-07 -3.971056916409346427e-05 -9.905841540020231305e-05 -1.394056103759605200e-04 -2.187321524406355463e-04 -2.608391744628643085e-04 3.205686283088002882e-06 1.851708364567245267e-05 7.084678456211649202e-05 4.300870256353450335e-04
