# As_1e9 ns H0 omegab omegam w0pwa w DES_BARYON_Q1 DES_DZ_S1 DES_DZ_S2 DES_DZ_S3 DES_DZ_S4 DES_A1_1 DES_A1_2 DES_DZ_L1 DES_DZ_L2 DES_DZ_L3 DES_DZ_L4 DES_DZ_L5 DES_B1_1 DES_B1_2 DES_B1_3 DES_B1_4 DES_B1_5 DES_M1 DES_M2 DES_M3 DES_M4
1.235072759111135454e-01 8.389316559584006697e-03 -6.951477043473299755e-01 -1.965777856188878679e-04 -7.028482407045265725e-04 1.242565017369384600e-01 6.206010710021005877e-02 3.254457695089995051e-01 2.308094713568657012e-05 5.205754961730588387e-05 4.631169057354794175e-05 -7.061765001204000725e-05 -9.177805692365393134e-03 -1.054158823781895481e-03 -4.021264098194079746e-05 3.905561997594997732e-05 7.512612145967509348e-05 2.039036971217623507e-04 9.678214690496097020e-05 -3.302020039379390676e-02 -3.555753706866837671e-02 -3.849949915332750300e-02 -5.001567702181252545e-02 -6.039809313372043048e-02 -7.162688709768072178e-05 -1.772521893711645859e-04 -7.047225337601198359e-05 -2.596204506676280644e-04
8.389316559584006697e-03 3.023079429777081675e-03 -4.521510760251129524e-02 5.870226878794583417e-06 -6.020592533721215184e-04 -1.833998517258604100e-03 -1.421657821959332844e-03 5.609396183867887409e-02 3.467189660047105998e-05 9.792634887096119691e-06 -6.743549320795837507e-06 -3.865701152165922284e-05 1.282783569502424399e-03 3.558737143913479842e-03 4.221537959446739890e-06 1.133074547085886915e-05 7.531637847852608741e-06 6.227950802741374445e-06 8.515780851793828851e-07 -1.452884076813546182e-03 -1.169418675766671113e-03 -1.019743305589869854e-03 -1.110519917629541496e-03 -1.158366088814463896e-03 2.585038036082756960e-05 4.108111223979962328e-06 -1.292429177573367410e-05 -3.552397898473083854e-05
-6.951477043473299755e-01 -4.521510760251129524e-02 6.633582250439319239e+01 1.033386838303590113e-02 -1.615691288431361505e-01 1.599537371639377925e+00 -9.780967913797130597e-01 1.711823814298836011e+00 4.632129198918285944e-03 4.300373383605734221e-04 -1.924226442025275992e-03 -1.150396443542961791e-02 3.010471401890406073e-01 4.784701166152567353e-01 2.087611809442720817e-03 2.189006597312505732e-03 6.549706022590231960e-04 -1.366308702903863584e-04 -7.319129172959533153e-04 -3.404164906128470114e-01 -2.798073135191960215e-01 -2.324857276523646654e-01 -2.581730583678842339e-01 -2.576314032550935940e-01 5.199659297119348794e-03 4.042898734113358275e-03 -3.984546645337878022e-03 -2.807651322469417038e-03
-1.965777856188878679e-04 5.870226878794583417e-06 1.033386838303590113e-02 1.003087813337764759e-04 1.626143140698616690e-04 -5.870385474462782097e-04 6.672221250338723373e-04 3.921306181153627417e-04 -2.002543473007470337e-06 2.179836296180669772e-07 2.575930378427932963e-06 1.296312240892500783e-05 -3.096098472287515339e-04 -1.012110530069867433e-03 -2.219038208529577236e-06 -6.826811614467324807e-07 -1.240856694727057593e-06 -1.407832496836369678e-06 2.907521660688006765e-07 4.413718687803247259e-04 3.811067298741055236e-04 3.389016218053014892e-04 3.730948744559622605e-04 3.773037200074563281e-04 -7.560609743475819233e-07 -2.755853878422514787e-06 3.657346880832453738e-06 2.460985665149311382e-06
-7.028482407045265725e-04 -6.020592533721215184e-04 -1.615691288431361505e-01 1.626143140698616690e-04 1.337244650197234614e-03 -5.206080138985618236e-03 1.274159194637238847e-02 1.621530596560779008e-03 -3.701304586800502490e-05 -1.083193000317716890e-05 2.347445914375230757e-05 8.084408061662504326e-05 -3.117161477812811689e-03 -4.875001671701207143e-03 -3.204120898141786446e-05 -1.837640279140106121e-05 -7.124476548409474559e-06 -8.167957428880339685e-07 2.456856944045144550e-06 1.215946232101116405e-03 4.870191460843523992e-04 8.747855904196473031e-05 -1.468364879924873088e-04 -2.534050382589815445e-04 -2.766499246579068357e-05 -2.925813356029020456e-05 4.858773249837796706e-05 3.355306757811262971e-05
1.242565017369384600e-01 -1.833998517258604100e-03 1.599537371639377925e+00 -5.870385474462782097e-04 -5.206080138985618236e-03 1.430502344858617825e+00 -2.189722090824748335e-01 1.667552489721606801e-01 -6.291224165474980715e-04 -2.697561194987603984e-04 5.788765016974019165e-04 1.919948421981888548e-03 -1.612510436685246282e-02 -1.119407894450515778e-01 -6.007516063754937436e-05 -4.382446879602979963e-05 -2.357054826518265262e-04 -1.385147754946549378e-04 -1.458554565788108565e-04 -7.491157206035088320e-03 -1.829905023117669657e-02 -2.748802102630204525e-02 -4.433528927537853243e-02 -6.076631894888731567e-02 -1.345142931495653523e-04 -2.200912722775766827e-04 7.693516481005256528e-04 8.421069688069307470e-04
6.206010710021005877e-02 -1.421657821959332844e-03 -9.780967913797130597e-01 6.672221250338723373e-04 1.274159194637238847e-02 -2.189722090824748335e-01 3.722685635261924197e-01 5.147294935701115515e-01 -2.691600884716663583e-04 8.139517367891748237e-05 4.431946525693753261e-04 3.110412379552435821e-04 -5.152485563391252799e-02 1.201142733213147323e-02 -5.284445026342635132e-04 -1.567112485463566165e-04 1.524288164697757656e-04 4.029701358191375656e-04 1.871953531778986282e-04 -6.012630581355818404e-02 -7.043878599322277168e-02 -7.532957818995771049e-02 -9.437019737888507898e-02 -1.061740284620930480e-01 -2.944431734890100771e-04 -2.397775268726982662e-04 1.284779361253425393e-03 5.424806957726649838e-04
3.254457695089995051e-01 5.609396183867887409e-02 1.711823814298836011e+00 3.921306181153627417e-04 1.621530596560779008e-03 1.667552489721606801e-01 5.147294935701115515e-01 4.665176633139207496e+00 1.550154711960338109e-03 3.319267134097330014e-04 1.879694057382999344e-04 -2.981104547532157246e-03 -8.819483761242737085e-02 1.596289810943359866e-01 -6.685831523742323101e-04 4.626831101446981191e-05 4.136478537008324709e-04 1.228923759160404066e-03 4.732545851875720575e-04 -1.962090267162998614e-01 -2.155669993577631893e-01 -2.259184700449843874e-01 -2.813731386511975630e-01 -3.154971269014343882e-01 1.212339407477112810e-03 1.086308177295578631e-04 3.330144220647873830e-04 -1.602459890871911485e-03
2.308094713568657012e-05 3.467189660047105998e-05 4.632129198918285944e-03 -2.002543473007470337e-06 -3.701304586800502490e-05 -6.291224165474980715e-04 -2.691600884716663583e-04 1.550154711960338109e-03 1.749185178911186428e-04 2.675113760480004043e-05 5.702937451583066640e-06 -7.460939812544875123e-06 1.028736527563993723e-03 -5.635999923235901835e-03 4.963064695722029001e-06 2.129569141966861518e-06 1.162013828756865896e-06 -3.453467439425676190e-06 -1.171641100012437350e-06 -5.652966737960603315e-05 -4.839601207948656276e-05 -2.828794550082950457e-05 -2.368420869874384926e-05 -1.468287427503340404e-05 -3.644617421684115855e-05 2.043872541562690692e-05 7.760389188170174440e-06 4.707319387921016128e-06
5.205754961730588387e-05 9.792634887096119691e-06 4.300373383605734221e-04 2.179836296180669772e-07 -1.083193000317716890e-05 -2.697561194987603984e-04 8.139517367891748237e-05 3.319267134097329472e-04 2.675113760480004043e-05 1.181390655288033054e-04 9.391810583425260064e-06 8.497177842452600645e-06 5.941136679766583157e-04 -9.286052544318950308e-04 2.017667754971962571e-06 4.505973999947221648e-06 1.200588187218711339e-06 -1.042724355541204215e-06 -1.426174430719408793e-06 -7.295968790231078822e-06 -3.697107815398062510e-06 -1.610118254779500607e-05 -2.268923607191417941e-05 -2.467468871948215879e-05 1.030698610336083164e-05 -4.501792919643444254e-05 1.869372834081583603e-05 1.281382211942286290e-05
4.631169057354794175e-05 -6.743549320795838354e-06 -1.924226442025275992e-03 2.575930378427932963e-06 2.347445914375230757e-05 5.788765016974019165e-04 4.431946525693753261e-04 1.879694057382999344e-04 5.702937451583066640e-06 9.391810583425260064e-06 9.861876173717864743e-05 2.438834961815321568e-05 1.919444229741379100e-04 1.834339539605338645e-03 -5.063182119329603294e-07 2.905119917648258534e-07 2.859400914523561893e-06 5.732318280501381223e-06 3.611486381356160866e-08 2.412769140623002343e-05 2.726417818710794795e-06 -1.743731444662937173e-05 -3.485451080891848103e-05 -6.762156983221366373e-05 1.653654307123565902e-06 9.134504945194739652e-06 -2.894739247350752958e-05 1.981160427984281233e-05
-7.061765001204000725e-05 -3.865701152165922284e-05 -1.150396443542961791e-02 1.296312240892500783e-05 8.084408061662504326e-05 1.919948421981888548e-03 3.110412379552435821e-04 -2.981104547532157246e-03 -7.460939812544875123e-06 8.497177842452600645e-06 2.438834961815321568e-05 3.558165496236447836e-04 -4.570195551327835694e-04 7.058247778349149371e-04 -2.193062227393934381e-06 5.038643279848832577e-07 -1.279455450284468348e-06 8.634735341907350879e-06 8.650407749214314855e-06 3.837409895185482991e-04 3.333453975841122537e-04 2.939463411630374983e-04 3.197416278179944916e-04 2.989256401159857859e-04 1.951846134197672029e-06 9.274555365296624032e-06 5.292464120365725802e-05 -7.142366846344549601e-05
-9.177805692365393134e-03 1.282783569502424399e-03 3.010471401890406073e-01 -3.096098472287515339e-04 -3.117161477812811689e-03 -1.612510436685246282e-02 -5.152485563391252799e-02 -8.819483761242737085e-02 1.028736527563993723e-03 5.941136679766583157e-04 1.919444229741379100e-04 -4.570195551327835694e-04 7.413217287202349126e-02 1.719719469629674979e-01 1.276270130366388999e-05 -2.311623316983785556e-05 -6.206246288563295715e-05 -4.069164425963537235e-04 -1.878467876740455122e-04 3.308532025886011529e-03 6.131022282050028159e-03 7.598132340259444381e-03 9.855518827057249687e-03 1.222131349554679211e-02 3.040911054313375286e-04 2.430902866210531772e-04 -5.272639661432269821e-04 -3.418500510749718224e-04
-1.054158823781895481e-03 3.558737143913479842e-03 4.784701166152567353e-01 -1.012110530069867433e-03 -4.875001671701207143e-03 -1.119407894450515778e-01 1.201142733213147323e-02 1.596289810943359866e-01 -5.635999923235901835e-03 -9.286052544318950308e-04 1.834339539605338645e-03 7.058247778349149371e-04 1.719719469629674979e-01 5.150881388620881296e+00 7.133734038729940777e-04 4.158265533186605292e-04 1.135384262653338583e-04 -1.033561148213393930e-03 -6.440579758794807031e-04 -1.005762886834612492e-02 -1.100884679809075416e-02 -1.036606225435501502e-02 -1.294891352135714956e-02 -1.036644815765092043e-02 -1.319070624652964431e-03 -1.273336847574244425e-03 1.709779708277555776e-03 1.268531375637089618e-03
-4.021264098194079746e-05 4.221537959446739890e-06 2.087611809442720817e-03 -2.219038208529577236e-06 -3.204120898141786446e-05 -6.007516063754938791e-05 -5.284445026342635132e-04 -6.685831523742323101e-04 4.963064695722029001e-06 2.017667754971962571e-06 -5.063182119329603294e-07 -2.193062227393934381e-06 1.276270130366388999e-05 7.133734038729940777e-04 5.529224189631507013e-05 7.324064834699955858e-07 9.246969069343902227e-07 1.344383999038557654e-06 5.784458961798827826e-07 1.988714310640454753e-04 5.626768524956779770e-05 6.956110999815832117e-05 9.531167244019571208e-05 1.090959300765267660e-04 4.344098510086549340e-06 1.363956379278560800e-06 -3.321803655991712028e-06 -3.236790026802858594e-06
3.905561997594997732e-05 1.133074547085886915e-05 2.189006597312505732e-03 -6.826811614467324807e-07 -1.837640279140106121e-05 -4.382446879602979963e-05 -1.567112485463566165e-04 4.626831101446981191e-05 2.129569141966861518e-06 4.505973999947221648e-06 2.905119917648258534e-07 5.038643279848832577e-07 -2.311623316983785556e-05 4.158265533186605292e-04 7.324064834699955858e-07 4.338769158682967750e-05 9.327367893293781038e-07 1.116166278085204070e-07 4.302148968231322827e-07 -5.133608056695168269e-06 7.167206099155887732e-05 -8.260699946006376434e-07 -1.447658588572098646e-07 -6.043226623522472497e-06 1.744522310231888420e-06 8.928598669478496735e-08 1.278954971033959014e-06 -1.495905831587015032e-06
7.512612145967509348e-05 7.531637847852608741e-06 6.549706022590231960e-04 -1.240856694727057593e-06 -7.124476548409474559e-06 -2.357054826518265262e-04 1.524288164697757656e-04 4.136478537008324709e-04 1.162013828756865896e-06 1.200588187218711339e-06 2.859400914523561893e-06 -1.279455450284468348e-06 -6.206246288563295715e-05 1.135384262653338583e-04 9.246969069343902227e-07 9.327367893293781038e-07 4.381497201535722557e-05 8.350592768411397506e-07 5.583298521504063598e-07 -5.676266565482914579e-05 -5.876889508849375229e-05 -2.861209991349170436e-06 -7.171843459224021289e-05 -8.302966033947074701e-05 1.139232079154400172e-06 2.056740575567480788e-06 6.894490044769651093e-07 1.393856470508317887e-07
2.039036971217623507e-04 6.227950802741374445e-06 -1.366308702903863584e-04 -1.407832496836369678e-06 -8.167957428880339685e-07 -1.385147754946549378e-04 4.029701358191375656e-04 1.228923759160404066e-03 -3.453467439425676190e-06 -1.042724355541204215e-06 5.732318280501381223e-06 8.634735341907350879e-06 -4.069164425963537235e-04 -1.033561148213393930e-03 1.344383999038557654e-06 1.116166278085204070e-07 8.350592768411397506e-07 8.601044242517342652e-05 2.486636856351007821e-06 -1.173376067750839182e-04 -1.279413219714333068e-04 -1.376837903198114557e-04 -5.080449000283263116e-05 -2.002254742670005921e-04 1.093129842142172791e-06 1.009294706924483607e-06 1.022503802792698303e-06 -8.358242595005260825e-07
9.678214690496095664e-05 8.515780851793838380e-07 -7.319129172959529901e-04 2.907521660688002529e-07 2.456856944045146244e-06 -1.458554565788106668e-04 1.871953531778987366e-04 4.732545851875719490e-04 -1.171641100012438197e-06 -1.426174430719408582e-06 3.611486381356109912e-08 8.650407749214314855e-06 -1.878467876740455393e-04 -6.440579758794805947e-04 5.784458961798833119e-07 4.302148968231322298e-07 5.583298521504063598e-07 2.486636856351007821e-06 9.712620192849626773e-05 -4.713807169059008444e-05 -5.314399869974731366e-05 -5.264606107094927940e-05 -6.565027199690573511e-05 6.795456865348815565e-05 -4.691098122926636504e-07 4.171359177235702724e-07 2.088892662965070305e-07 -3.797038183448263751e-06
-3.302020039379390676e-02 -1.452884076813546182e-03 -3.404164906128470114e-01 4.413718687803247259e-04 1.215946232101116405e-03 -7.491157206035088320e-03 -6.012630581355818404e-02 -1.962090267162998614e-01 -5.652966737960603315e-05 -7.295968790231078822e-06 2.412769140623002343e-05 3.837409895185482991e-04 3.308532025886011529e-03 -1.005762886834612492e-02 1.988714310640454753e-04 -5.133608056695168269e-06 -5.676266565482914579e-05 -1.173376067750839182e-04 -4.713807169059008444e-05 3.086805048656878978e-02 2.726918769990820460e-02 2.792038235526797182e-02 3.447558651672159163e-02 3.912833677468955523e-02 6.895040853108794305e-07 4.921070434402174433e-05 1.229869060649535115e-04 2.182891952085836015e-04
-3.555753706866837671e-02 -1.169418675766671113e-03 -2.798073135191960215e-01 3.811067298741055236e-04 4.870191460843523992e-04 -1.829905023117669657e-02 -7.043878599322277168e-02 -2.155669993577631893e-01 -4.839601207948656276e-05 -3.697107815398062510e-06 2.726417818710794795e-06 3.333453975841122537e-04 6.131022282050028159e-03 -1.100884679809075416e-02 5.626768524956779770e-05 7.167206099155887732e-05 -5.876889508849375229e-05 -1.279413219714333068e-04 -5.314399869974731366e-05 2.726918769990820460e-02 3.266384272750180034e-02 3.003773450009693605e-02 3.740460116412697156e-02 4.251310728905979136e-02 -9.587024747852108318e-06 5.113657516857608303e-05 7.411368295639941448e-05 1.949594003561724506e-04
-3.849949915332750300e-02 -1.019743305589870070e-03 -2.324857276523645544e-01 3.389016218053015977e-04 8.747855904196486583e-05 -2.748802102630203831e-02 -7.532957818995768273e-02 -2.259184700449843597e-01 -2.828794550082949780e-05 -1.610118254779499252e-05 -1.743731444662935140e-05 2.939463411630374983e-04 7.598132340259447851e-03 -1.036606225435501502e-02 6.956110999815832117e-05 -8.260699946006377493e-07 -2.861209991349170436e-06 -1.376837903198114557e-04 -5.264606107094927940e-05 2.792038235526797182e-02 3.003773450009693605e-02 3.388311349952217305e-02 3.916880025843685192e-02 4.474481727318625757e-02 1.227324092274573847e-05 6.729129934364518463e-05 1.582586939090378976e-05 1.610504206668293714e-04
-5.001567702181252545e-02 -1.110519917629541496e-03 -2.581730583678842339e-01 3.730948744559622605e-04 -1.468364879924873088e-04 -4.433528927537853243e-02 -9.437019737888507898e-02 -2.813731386511975630e-01 -2.368420869874384926e-05 -2.268923607191417941e-05 -3.485451080891848103e-05 3.197416278179944916e-04 9.855518827057249687e-03 -1.294891352135714956e-02 9.531167244019571208e-05 -1.447658588572098646e-07 -7.171843459224021289e-05 -5.080449000283263116e-05 -6.565027199690573511e-05 3.447558651672159163e-02 3.740460116412697156e-02 3.916880025843685192e-02 5.241305957828484158e-02 5.643779586273690169e-02 2.772001063154932697e-05 1.038397932220738739e-04 -1.878763054172938267e-05 1.678450171600270511e-04
-6.039809313372043048e-02 -1.158366088814463896e-03 -2.576314032550935940e-01 3.773037200074563281e-04 -2.534050382589815445e-04 -6.076631894888731567e-02 -1.061740284620930480e-01 -3.154971269014343882e-01 -1.468287427503340404e-05 -2.467468871948215879e-05 -6.762156983221366373e-05 2.989256401159857859e-04 1.222131349554679211e-02 -1.036644815765092043e-02 1.090959300765267660e-04 -6.043226623522472497e-06 -8.302966033947074701e-05 -2.002254742670005921e-04 6.795456865348815565e-05 3.912833677468955523e-02 4.251310728905979136e-02 4.474481727318625757e-02 5.643779586273690169e-02 7.108971596171327623e-02 5.803681075212615176e-05 1.105571130146314722e-04 -3.368048764750194437e-05 1.698672547652888671e-04
-7.162688709768072178e-05 2.585038036082756960e-05 5.199659297119348794e-03 -7.560609743475819233e-07 -2.766499246579069035e-05 -1.345142931495652710e-04 -2.944431734890100771e-04 1.212339407477113027e-03 -3.644617421684115177e-05 1.030698610336082655e-05 1.653654307123565902e-06 1.951846134197670335e-06 3.040911054313375286e-04 -1.319070624652963998e-03 4.344098510086549340e-06 1.744522310231888632e-06 1.139232079154400172e-06 1.093129842142172791e-06 -4.691098122926636504e-07 6.895040853108794305e-07 -9.587024747852108318e-06 1.227324092274573847e-05 2.772001063154932697e-05 5.803681075212615176e-05 4.969609633877385742e-04 7.634743437646557883e-06 9.400015224299282105e-06 6.200067916997655332e-07
-1.772521893711645859e-04 4.108111223979962328e-06 4.042898734113358275e-03 -2.755853878422514787e-06 -2.925813356029020456e-05 -2.200912722775766827e-04 -2.397775268726982662e-04 1.086308177295578360e-04 2.043872541562690692e-05 -4.501792919643444254e-05 9.134504945194739652e-06 9.274555365296624032e-06 2.430902866210531772e-04 -1.273336847574244425e-03 1.363956379278560800e-06 8.928598669478496735e-08 2.056740575567480788e-06 1.009294706924483607e-06 4.171359177235702724e-07 4.921070434402174433e-05 5.113657516857608303e-05 6.729129934364518463e-05 1.038397932220738739e-04 1.105571130146314722e-04 7.634743437646557883e-06 4.687215182222990171e-04 2.603316660217171795e-05 1.835333080385558643e-05
-7.047225337601198359e-05 -1.292429177573367410e-05 -3.984546645337878022e-03 3.657346880832453738e-06 4.858773249837796706e-05 7.693516481005256528e-04 1.284779361253425393e-03 3.330144220647873830e-04 7.760389188170174440e-06 1.869372834081583603e-05 -2.894739247350752958e-05 5.292464120365725802e-05 -5.272639661432269821e-04 1.709779708277555776e-03 -3.321803655991712028e-06 1.278954971033959014e-06 6.894490044769651093e-07 1.022503802792698303e-06 2.088892662965071363e-07 1.229869060649535115e-04 7.411368295639941448e-05 1.582586939090379314e-05 -1.878763054172938267e-05 -3.368048764750194437e-05 9.400015224299282105e-06 2.603316660217171795e-05 4.229105318458244622e-04 6.977694106375071997e-05
-2.596204506676281186e-04 -3.552397898473083854e-05 -2.807651322469416171e-03 2.460985665149312652e-06 3.355306757811262971e-05 8.421069688069307470e-04 5.424806957726649838e-04 -1.602459890871911052e-03 4.707319387921014434e-06 1.281382211942286459e-05 1.981160427984281910e-05 -7.142366846344549601e-05 -3.418500510749718224e-04 1.268531375637090052e-03 -3.236790026802859864e-06 -1.495905831587015032e-06 1.393856470508317358e-07 -8.358242595005260825e-07 -3.797038183448263751e-06 2.182891952085836015e-04 1.949594003561724506e-04 1.610504206668293714e-04 1.678450171600270782e-04 1.698672547652888671e-04 6.200067916997655332e-07 1.835333080385558643e-05 6.977694106375071997e-05 4.346879453541277233e-04
