# As_1e9 ns H0 omegab omegam w0pwa w DES_BARYON_Q1 DES_DZ_S1 DES_DZ_S2 DES_DZ_S3 DES_DZ_S4 DES_A1_1 DES_A1_2 DES_DZ_L1 DES_DZ_L2 DES_DZ_L3 DES_DZ_L4 DES_DZ_L5 DES_B1_1 DES_B1_2 DES_B1_3 DES_B1_4 DES_B1_5 DES_M1 DES_M2 DES_M3 DES_M4
9.313268397255233810e-02 8.964942982219623394e-03 -8.297009374413089056e-01 -3.523744612084808822e-04 -1.699038638222295262e-03 1.070735586711437648e-01 2.517791749416737473e-02 2.869891518663592600e-01 6.205544943663572263e-05 1.859359317467970007e-05 -2.317912611793376690e-04 -4.247314991966824409e-04 -7.242460213857045831e-03 -1.412530589596211472e-02 5.290467829936808952e-05 6.672931127454828268e-05 8.312639574897130311e-05 9.833212394114112956e-05 7.887228552358883493e-05 -2.406173740446566900e-02 -2.521024221452161651e-02 -2.684753850024403435e-02 -3.404591529222183305e-02 -4.048150365490421621e-02 -9.329080898952368231e-05 -1.296336562987559387e-04 -4.216883876895134459e-04 -4.140582219524140475e-04
8.964942982219623394e-03 2.993716987750344623e-03 -2.110439829529523609e-02 2.315068738395999388e-05 -5.507055898391236904e-04 5.164733106986668133e-03 -2.824017534375844202e-03 5.934504704917693135e-02 1.758568221879395078e-05 -1.943538663468755093e-06 -1.322304917353734313e-05 -3.693251023181514341e-05 1.663533108558921860e-03 4.732090989279165959e-03 5.401541901799196054e-06 9.100664874285531648e-06 8.232981202832764664e-06 -9.177671647653784482e-06 -2.932550478060358110e-06 -1.169653627671020076e-03 -1.055749063374997014e-03 -9.097163260086637247e-04 -1.054198785148564984e-03 -1.122154130175352692e-03 5.495338385686189375e-06 5.829662165636203201e-06 -1.113088469823784578e-05 -1.201154292515265298e-05
-8.297009374413089056e-01 -2.110439829529523609e-02 8.346118915707850761e+01 1.544977907109399903e-02 -1.834982734543794958e-01 7.157322464774914517e-01 -7.857250772263552063e-01 2.677549612155194936e+00 2.936287658862021029e-03 -3.849197331964808563e-04 -3.364556916780013333e-03 -7.533276328458627692e-03 6.173863310199301235e-01 1.160692497552655578e+00 1.456070346500352129e-03 2.353981258398116488e-03 4.307040663590489134e-04 9.118735390829309662e-04 -8.590907998849051271e-04 -4.462840369128912577e-01 -3.718215351388168832e-01 -3.267658991521082967e-01 -3.661837241025534539e-01 -3.786861840973865800e-01 5.361598962842982832e-03 3.840733958994874651e-03 -3.884777880760108791e-03 -5.967426192971162120e-03
-3.523744612084808822e-04 2.315068738395999388e-05 1.544977907109399903e-02 1.101336138208882260e-04 1.828039722614836348e-04 -1.784990481342402973e-03 1.210834627949424489e-03 2.243530101145911615e-03 -4.881242282054920576e-06 -2.398247842998062183e-06 1.677240157052622017e-06 5.305486937272143013e-06 -6.271290455997830969e-04 -9.960770533542439263e-04 -2.444074735803086725e-06 -2.356421933340443980e-06 -1.314554646243286385e-06 -2.699258243873705562e-06 8.011023704362130355e-07 4.016503013645639783e-04 3.261103081767048107e-04 2.713558982547449247e-04 3.122239215719683505e-04 3.263874193803091030e-04 -2.200836290909238512e-06 -2.192431696843884271e-06 1.102719399957318127e-06 1.687271132598726533e-06
-1.699038638222295262e-03 -5.507055898391236904e-04 -1.834982734543794958e-01 1.828039722614836348e-04 1.330166830588554996e-03 -9.862225562983927343e-03 1.267634419853853021e-02 -8.594766568874847776e-05 -3.371808126997572570e-05 -3.730549181827310742e-06 2.620131116447245933e-05 4.104320668965026500e-05 -5.237605044904781494e-03 -6.518826360609616954e-03 -2.907744955711734851e-05 -2.087869165066192034e-05 -8.032955003797207438e-06 9.818182640831151499e-07 6.205388963701288016e-06 1.556072979899265820e-03 9.306612323010557235e-04 6.125439145452182084e-04 6.490281784940179132e-04 7.294167235548937181e-04 -3.209858973209163462e-05 -2.337948979638566107e-05 3.326436132328087776e-05 3.277905716877574133e-05
1.070735586711437648e-01 5.164733106986668133e-03 7.157322464774914517e-01 -1.784990481342402973e-03 -9.862225562983927343e-03 1.895171123191771390e+00 -4.098209024256878052e-01 9.980447219300382644e-02 2.427778111818250091e-04 -2.616011911763182162e-05 7.171458057217623997e-04 1.658387114714969393e-03 1.087095088136926999e-02 -2.244584755446889790e-01 6.584201309619729942e-06 -4.999385521993796565e-05 -3.263148937254827463e-04 -4.482445608689378139e-04 2.809532343561513455e-05 1.326407664887723978e-02 3.796461057498369020e-03 -5.896536817694301123e-03 -1.905208819579869844e-02 -2.918078349142365704e-02 -3.032758819443920686e-04 -4.839311545287448878e-04 7.842483439204140153e-05 3.009886047900354610e-04
2.517791749416737473e-02 -2.824017534375844202e-03 -7.857250772263552063e-01 1.210834627949424489e-03 1.267634419853853021e-02 -4.098209024256878052e-01 3.925706722117740521e-01 4.461270033158814541e-01 -5.711285861686730188e-04 8.279019650906399726e-05 2.139677631528246187e-04 -8.809301842505378518e-05 -8.562795969221330405e-02 5.580897070495655088e-02 -5.023159201879048548e-04 -1.699467661104636987e-04 1.531733452511445327e-04 5.847146949925946828e-04 2.070183701061499668e-04 -5.375364488373727406e-02 -6.074666944331329893e-02 -6.291658732346024074e-02 -7.495376205974230155e-02 -8.197210471505941842e-02 -4.318323004991654222e-04 -1.168973895782802824e-04 1.033151645262323772e-03 4.364689380318664521e-04
2.869891518663592600e-01 5.934504704917693135e-02 2.677549612155194936e+00 2.243530101145911615e-03 -8.594766568874847776e-05 9.980447219300382644e-02 4.461270033158814541e-01 4.563835767341687166e+00 -3.315439479194045983e-04 5.117524853490408804e-04 -5.422689117483303102e-04 -2.770119125475508162e-03 -1.242398689645009408e-01 2.787122076142429239e-01 -2.491491642670927626e-04 2.395293656879095767e-04 1.916510061427912574e-04 9.783464010872848591e-04 2.442116739670803158e-04 -1.685285318735386395e-01 -1.843809069571850368e-01 -1.916959518819318919e-01 -2.311981435481589853e-01 -2.565508744649648287e-01 -3.590124983173358791e-04 1.263392096518641179e-04 2.054000127479825252e-04 -8.616000709971690990e-04
6.205544943663572263e-05 1.758568221879395078e-05 2.936287658862021029e-03 -4.881242282054920576e-06 -3.371808126997572570e-05 2.427778111818250091e-04 -5.711285861686730188e-04 -3.315439479194046525e-04 1.806398605516295382e-04 3.671642374427677420e-05 -5.596201860420576781e-08 -4.867560991748267470e-06 9.714287692097487228e-04 -1.250941118907193672e-02 3.256459183388464059e-06 1.013260996942527093e-06 -1.020994577697399673e-06 -3.930565066234841492e-07 2.148274714015280692e-06 -1.873981703095736986e-05 -1.090034300968899027e-06 1.675767501065981353e-05 3.888183468937613185e-05 4.546557765007160112e-05 -3.233704271171524667e-05 3.162700754861703939e-05 1.375490284487356832e-06 1.599003343811632914e-06
1.859359317467968990e-05 -1.943538663468753822e-06 -3.849197331964808563e-04 -2.398247842998062183e-06 -3.730549181827309895e-06 -2.616011911763182162e-05 8.279019650906397016e-05 5.117524853490408804e-04 3.671642374427677420e-05 1.123176766153992904e-04 7.861561732379027687e-06 8.235470413625634948e-06 5.315177271287280106e-04 -2.908991921761805433e-03 1.117895795952785240e-06 1.656952830586963941e-06 2.313914941100344051e-06 1.688148766176289641e-06 4.991910297699094185e-07 -1.046504233229673978e-05 -8.805923173755454217e-06 -1.201604883375027746e-05 -2.474490032324851908e-05 -2.690591280863183327e-05 1.128938299570076995e-05 -4.209459150789291918e-05 1.652590842402759940e-05 1.330891030448596553e-05
-2.317912611793376690e-04 -1.322304917353734313e-05 -3.364556916780013333e-03 1.677240157052622017e-06 2.620131116447245933e-05 7.171458057217623997e-04 2.139677631528246458e-04 -5.422689117483303102e-04 -5.596201860420592663e-08 7.861561732379027687e-06 9.863461101113855370e-05 2.924870214382586798e-05 1.651238051666002878e-04 3.187123823393980641e-03 1.017667124615852010e-06 -1.781831394617774311e-07 2.672017878412471004e-06 7.587929441832577677e-06 -6.363054803766924129e-07 1.419544659467665386e-04 1.190115015703517560e-04 1.072392886433623526e-04 1.248916490820645934e-04 1.279419944170909218e-04 -4.740347631921106027e-07 6.734350206995964481e-06 -2.693049676907061665e-05 2.165811520069661967e-05
-4.247314991966824409e-04 -3.693251023181514341e-05 -7.533276328458627692e-03 5.305486937272143013e-06 4.104320668965026500e-05 1.658387114714969393e-03 -8.809301842505381228e-05 -2.770119125475508162e-03 -4.867560991748267470e-06 8.235470413625634948e-06 2.924870214382586798e-05 3.340519742674076119e-04 -2.461098250149282253e-04 3.717711282776677353e-03 4.426069377451390896e-07 -4.805650147601455119e-07 1.498877851550949588e-06 7.997348268115494463e-06 4.490171241416370038e-06 3.898275287222545968e-04 3.553491698952367431e-04 3.403048317530095522e-04 4.118893677572010750e-04 4.226330177440460367e-04 -4.577347323354097915e-06 8.938756099591607584e-06 5.734072050884468836e-05 -6.993726003385420872e-05
-7.242460213857045831e-03 1.663533108558922294e-03 6.173863310199301235e-01 -6.271290455997830969e-04 -5.237605044904781494e-03 1.087095088136926999e-02 -8.562795969221330405e-02 -1.242398689645009408e-01 9.714287692097487228e-04 5.315177271287280106e-04 1.651238051666002878e-04 -2.461098250149282253e-04 1.025936926767950369e-01 2.131533170253888942e-01 1.640171241799372734e-04 -6.143365065728282453e-06 -7.847616340101865311e-05 -4.266509264712407519e-04 -2.105219954363275769e-04 4.791954437777718769e-03 8.059401747160185175e-03 9.775359841120526486e-03 1.238606263149687713e-02 1.424247669089714549e-02 3.382680648237879062e-04 2.281611037913158194e-04 -4.875852679378803937e-04 -2.965072918019806894e-04
-1.412530589596211472e-02 4.732090989279165959e-03 1.160692497552655578e+00 -9.960770533542439263e-04 -6.518826360609616954e-03 -2.244584755446889790e-01 5.580897070495655088e-02 2.787122076142429239e-01 -1.250941118907193672e-02 -2.908991921761805433e-03 3.187123823393980641e-03 3.717711282776677353e-03 2.131533170253888942e-01 4.883389995527123162e+00 1.472651240938062638e-03 8.309798593027423793e-04 2.924699530076256765e-04 -1.182980607140876779e-03 -1.362355612058544461e-03 -8.847985310892765576e-03 -1.052224144264602042e-02 -8.892036129692934207e-03 -1.027357755855017908e-02 -1.048108418392084892e-02 -4.144731727228294534e-03 -3.497465356428603161e-03 4.603217371249190837e-03 2.481539834724122776e-03
5.290467829936808952e-05 5.401541901799196054e-06 1.456070346500352346e-03 -2.444074735803086725e-06 -2.907744955711734851e-05 6.584201309619729942e-06 -5.023159201879048548e-04 -2.491491642670927626e-04 3.256459183388464059e-06 1.117895795952784816e-06 1.017667124615852010e-06 4.426069377451390896e-07 1.640171241799372734e-04 1.472651240938062638e-03 5.404123007213307062e-05 8.194034929499905497e-07 6.702909283146521796e-07 -2.213278041978670143e-07 -1.625793054705627324e-06 1.916831449253679313e-04 3.614767992943177237e-05 4.476011090707823802e-05 6.035813083088108883e-05 6.141126622407392613e-05 1.744973322820328349e-06 2.282501422673044790e-06 -2.866882560716907380e-06 -2.178640351917120829e-06
6.672931127454828268e-05 9.100664874285533342e-06 2.353981258398116488e-03 -2.356421933340443980e-06 -2.087869165066192034e-05 -4.999385521993796565e-05 -1.699467661104636987e-04 2.395293656879095767e-04 1.013260996942527093e-06 1.656952830586963941e-06 -1.781831394617774311e-07 -4.805650147601455119e-07 -6.143365065728286688e-06 8.309798593027423793e-04 8.194034929499905497e-07 4.395952234945147736e-05 3.208033230996070490e-07 5.917583162386124425e-07 3.561971721692370622e-07 -2.377739269147350183e-05 5.750784258659553055e-05 -1.703007134033757949e-05 -2.175598138847668344e-05 -2.048578539785288836e-05 -1.105570195876897673e-06 1.210539603177234102e-06 5.912563814875402162e-07 -2.373884406496917193e-06
8.312639574897130311e-05 8.232981202832764664e-06 4.307040663590487508e-04 -1.314554646243286385e-06 -8.032955003797207438e-06 -3.263148937254828547e-04 1.531733452511445327e-04 1.916510061427912574e-04 -1.020994577697400096e-06 2.313914941100343628e-06 2.672017878412470581e-06 1.498877851550949588e-06 -7.847616340101865311e-05 2.924699530076256765e-04 6.702909283146521796e-07 3.208033230996069961e-07 4.418153402975561362e-05 1.818087771768778548e-06 -4.342113347947841865e-07 -4.924314418818180307e-05 -4.675624009326152667e-05 1.262215416225667935e-05 -5.973634475399584409e-05 -6.681809478408415564e-05 8.722052881144253695e-07 -1.478706786484814738e-06 2.197780933675660103e-06 3.917216769937581728e-07
9.833212394114112956e-05 -9.177671647653784482e-06 9.118735390829311831e-04 -2.699258243873705562e-06 9.818182640831151499e-07 -4.482445608689378139e-04 5.847146949925946828e-04 9.783464010872848591e-04 -3.930565066234841492e-07 1.688148766176290065e-06 7.587929441832577677e-06 7.997348268115494463e-06 -4.266509264712407519e-04 -1.182980607140876779e-03 -2.213278041978669349e-07 5.917583162386124425e-07 1.818087771768778548e-06 8.062334323372119332e-05 9.777663402835769539e-07 -1.438695431844135464e-04 -1.453622631483708324e-04 -1.547633817366921786e-04 -6.253510473937172703e-05 -2.005947762287260553e-04 6.350645932139924536e-07 1.207388267321703511e-06 1.407430181124963583e-06 -6.759935253397298626e-08
7.887228552358879427e-05 -2.932550478060358110e-06 -8.590907998849039344e-04 8.011023704362103885e-07 6.205388963701283781e-06 2.809532343561508034e-05 2.070183701061500210e-04 2.442116739670804242e-04 2.148274714015280269e-06 4.991910297699086774e-07 -6.363054803766908247e-07 4.490171241416370038e-06 -2.105219954363274956e-04 -1.362355612058543811e-03 -1.625793054705627959e-06 3.561971721692363740e-07 -4.342113347947841865e-07 9.777663402835767421e-07 9.793473571227266682e-05 -4.633096491280198827e-05 -4.629908887287399033e-05 -4.811159270905168001e-05 -6.841841185633016265e-05 6.614140547310706482e-05 1.255361217752757393e-07 4.610623152760665207e-07 1.187512777981185535e-06 1.014313371929516891e-06
-2.406173740446566900e-02 -1.169653627671020076e-03 -4.462840369128912577e-01 4.016503013645639783e-04 1.556072979899265820e-03 1.326407664887723978e-02 -5.375364488373727406e-02 -1.685285318735386395e-01 -1.873981703095736986e-05 -1.046504233229674148e-05 1.419544659467665386e-04 3.898275287222545968e-04 4.791954437777718769e-03 -8.847985310892765576e-03 1.916831449253679313e-04 -2.377739269147350183e-05 -4.924314418818180307e-05 -1.438695431844135193e-04 -4.633096491280198827e-05 2.822950901288998754e-02 2.402836171624257028e-02 2.412191359521421302e-02 2.903316864963376154e-02 3.245291649153026620e-02 2.242521597180876871e-05 4.942806618837334675e-05 2.121776793585975331e-04 2.720834158245104078e-04
-2.521024221452161651e-02 -1.055749063374997014e-03 -3.718215351388168832e-01 3.261103081767048107e-04 9.306612323010557235e-04 3.796461057498371188e-03 -6.074666944331329893e-02 -1.843809069571850368e-01 -1.090034300968899027e-06 -8.805923173755459299e-06 1.190115015703517560e-04 3.553491698952367431e-04 8.059401747160185175e-03 -1.052224144264601868e-02 3.614767992943177237e-05 5.750784258659553055e-05 -4.675624009326152667e-05 -1.453622631483708324e-04 -4.629908887287399033e-05 2.402836171624257028e-02 2.807543083420144941e-02 2.508142614592515432e-02 3.035310788176411381e-02 3.402637356024266341e-02 4.147189567666881565e-05 3.586719655563071993e-05 1.764121942350424424e-04 2.527215673472830537e-04
-2.684753850024404129e-02 -9.097163260086641584e-04 -3.267658991521082412e-01 2.713558982547450331e-04 6.125439145452182084e-04 -5.896536817694301991e-03 -6.291658732346024074e-02 -1.916959518819318919e-01 1.675767501065982709e-05 -1.201604883375026730e-05 1.072392886433623526e-04 3.403048317530095522e-04 9.775359841120524751e-03 -8.892036129692944615e-03 4.476011090707827868e-05 -1.703007134033756933e-05 1.262215416225667935e-05 -1.547633817366921786e-04 -4.811159270905168001e-05 2.412191359521421302e-02 2.508142614592515432e-02 2.818352831753727014e-02 3.122670283746886016e-02 3.511738152389173862e-02 5.495347463099819406e-05 4.126961173998477310e-05 1.600596596609395270e-04 2.389490568634842094e-04
-3.404591529222183305e-02 -1.054198785148564984e-03 -3.661837241025534539e-01 3.122239215719683505e-04 6.490281784940179132e-04 -1.905208819579869498e-02 -7.495376205974230155e-02 -2.311981435481589853e-01 3.888183468937613185e-05 -2.474490032324851908e-05 1.248916490820645934e-04 4.118893677572010750e-04 1.238606263149687713e-02 -1.027357755855017908e-02 6.035813083088108883e-05 -2.175598138847668344e-05 -5.973634475399584409e-05 -6.253510473937172703e-05 -6.841841185633016265e-05 2.903316864963376154e-02 3.035310788176411381e-02 3.122670283746886016e-02 4.111704181671410607e-02 4.294237467274412967e-02 6.683236196219177305e-05 6.908276419989799698e-05 1.736604448762417083e-04 2.587199489133604050e-04
-4.048150365490421621e-02 -1.122154130175352692e-03 -3.786861840973865800e-01 3.263874193803091030e-04 7.294167235548937181e-04 -2.918078349142365704e-02 -8.197210471505940454e-02 -2.565508744649648287e-01 4.546557765007160112e-05 -2.690591280863182649e-05 1.279419944170909218e-04 4.226330177440460367e-04 1.424247669089714549e-02 -1.048108418392084892e-02 6.141126622407392613e-05 -2.048578539785288836e-05 -6.681809478408414209e-05 -2.005947762287260553e-04 6.614140547310706482e-05 3.245291649153026620e-02 3.402637356024266341e-02 3.511738152389173862e-02 4.294237467274412967e-02 5.431383884161883335e-02 9.316238595650144566e-05 7.759034632832130767e-05 1.793247977003622465e-04 2.930387467018764056e-04
-9.329080898952368231e-05 5.495338385686187681e-06 5.361598962842982832e-03 -2.200836290909238512e-06 -3.209858973209163462e-05 -3.032758819443919060e-04 -4.318323004991654222e-04 -3.590124983173358249e-04 -3.233704271171524667e-05 1.128938299570077334e-05 -4.740347631921108674e-07 -4.577347323354097067e-06 3.382680648237879604e-04 -4.144731727228294534e-03 1.744973322820328349e-06 -1.105570195876898520e-06 8.722052881144253695e-07 6.350645932139924536e-07 1.255361217752757393e-07 2.242521597180877549e-05 4.147189567666881565e-05 5.495347463099819406e-05 6.683236196219177305e-05 9.316238595650144566e-05 5.050013317554489980e-04 1.506247314378363410e-05 3.122601266316289417e-06 4.719804012321067679e-06
-1.296336562987559658e-04 5.829662165636202354e-06 3.840733958994874651e-03 -2.192431696843883848e-06 -2.337948979638566107e-05 -4.839311545287448878e-04 -1.168973895782802824e-04 1.263392096518641179e-04 3.162700754861703939e-05 -4.209459150789291918e-05 6.734350206995964481e-06 8.938756099591607584e-06 2.281611037913158194e-04 -3.497465356428603161e-03 2.282501422673045214e-06 1.210539603177234102e-06 -1.478706786484814738e-06 1.207388267321703511e-06 4.610623152760663619e-07 4.942806618837334675e-05 3.586719655563071993e-05 4.126961173998477310e-05 6.908276419989799698e-05 7.759034632832130767e-05 1.506247314378363240e-05 4.675683044864467099e-04 2.796971578478479268e-05 2.114517795570014153e-05
-4.216883876895134459e-04 -1.113088469823784578e-05 -3.884777880760108791e-03 1.102719399957318127e-06 3.326436132328087776e-05 7.842483439204142863e-05 1.033151645262323772e-03 2.054000127479825252e-04 1.375490284487357256e-06 1.652590842402759940e-05 -2.693049676907061665e-05 5.734072050884468836e-05 -4.875852679378803937e-04 4.603217371249190837e-03 -2.866882560716906957e-06 5.912563814875400045e-07 2.197780933675659680e-06 1.407430181124963372e-06 1.187512777981186382e-06 2.121776793585975331e-04 1.764121942350424424e-04 1.600596596609395270e-04 1.736604448762417083e-04 1.793247977003622465e-04 3.122601266316288994e-06 2.796971578478479268e-05 4.164880601850466310e-04 7.183375330541331592e-05
-4.140582219524140475e-04 -1.201154292515263266e-05 -5.967426192971162988e-03 1.687271132598725474e-06 3.277905716877574133e-05 3.009886047900354610e-04 4.364689380318663979e-04 -8.616000709971687738e-04 1.599003343811632067e-06 1.330891030448596553e-05 2.165811520069661967e-05 -6.993726003385420872e-05 -2.965072918019807436e-04 2.481539834724123643e-03 -2.178640351917121253e-06 -2.373884406496916769e-06 3.917216769937579611e-07 -6.759935253397315832e-08 1.014313371929516255e-06 2.720834158245104078e-04 2.527215673472830537e-04 2.389490568634842094e-04 2.587199489133604050e-04 2.930387467018764056e-04 4.719804012321067679e-06 2.114517795570014153e-05 7.183375330541331592e-05 4.322073521266225015e-04
