# As_1e9 ns H0 omegab omegam w0pwa w DES_BARYON_Q1 DES_DZ_S1 DES_DZ_S2 DES_DZ_S3 DES_DZ_S4 DES_A1_1 DES_A1_2 DES_DZ_L1 DES_DZ_L2 DES_DZ_L3 DES_DZ_L4 DES_DZ_L5 DES_B1_1 DES_B1_2 DES_B1_3 DES_B1_4 DES_B1_5 DES_M1 DES_M2 DES_M3 DES_M4
7.015444566927481196e-02 9.311738748191114926e-03 -5.748763627752849770e-01 -1.194312156094742871e-04 -2.279101295809400803e-03 1.267367630154381253e-01 -3.966820303028872202e-02 8.870892499117427610e-02 -4.926483195547203757e-05 -1.150662365989435544e-05 6.525733867398269997e-05 3.787770231586773504e-04 -3.377901404524018551e-04 -8.346361837086865160e-03 4.165838457851633067e-05 1.036209258633386340e-05 1.746800291824959189e-05 3.367111280219923895e-05 2.903110186731291839e-05 7.514487454518944867e-04 1.272611035796200520e-03 7.204500890100501735e-04 -3.114864001409606547e-04 -2.272525989971328070e-03 3.698720353938850599e-05 3.717279681870341531e-05 2.565971036553857170e-04 2.402673166289770608e-04
9.311738748191114926e-03 2.586841307538321078e-03 -3.883986218915243260e-02 4.218579605394551002e-05 -5.933242226648392575e-04 6.455006800260159900e-04 -4.414262444155900821e-03 4.495555023373095510e-02 2.608416610020572939e-05 5.952078730604739249e-07 -1.695991362283970325e-05 -4.174146177904485846e-05 1.130684118426851081e-03 3.804465566441431450e-03 1.268421805753482867e-05 8.502985332339736758e-06 6.027974787080874546e-06 7.833544473813375576e-06 5.991563840279030928e-06 -5.704579003780933886e-04 -2.498917859353615200e-04 -6.703728331038306303e-05 1.587240499881109883e-05 1.023260163358257000e-04 1.991897945119312213e-05 9.144486154201779163e-06 -2.327822529944102606e-05 -3.593541249839602358e-05
-5.748763627752849770e-01 -3.883986218915243260e-02 4.539076901532807540e+01 6.970955534876466068e-03 -1.162926223458098096e-01 4.278219115039309517e-01 -5.067371512946245993e-01 3.271077030853357104e-01 3.565104774864903507e-03 -1.817553071812817917e-04 -1.805682409282276821e-04 -2.447077883809196160e-03 1.688034986297431983e-01 7.482620510448677598e-01 1.805922641275735591e-03 8.172634034383750856e-04 7.124054860077251063e-04 9.619618042101597301e-04 2.984609772255033839e-04 -2.214370323276175223e-01 -1.820420581371842150e-01 -1.443934238181808216e-01 -1.550564363161250070e-01 -1.489747461682543184e-01 3.063751897815290837e-03 5.572955918392504503e-03 3.254790872677445959e-03 9.692199184071700890e-04
-1.194312156094742871e-04 4.218579605394551002e-05 6.970955534876466068e-03 1.049162529434928483e-04 1.987954053927731802e-04 -2.974039139223540401e-04 1.116228954156764375e-03 3.534790311236469650e-03 -4.486964109101374301e-06 -4.492071116441897500e-06 1.698773626437060301e-06 6.823852970361420782e-06 -3.810029398340915958e-04 -1.461706653663225877e-03 -2.999031932774402204e-06 -3.693817855673246535e-06 -2.624031963675818577e-06 8.640032925469625108e-07 1.405716145213403978e-06 3.625251605238583551e-04 2.633891949060631807e-04 2.015134091514956226e-04 2.031899647928735717e-04 1.793936810258448704e-04 -3.806849013232171246e-06 -3.180930014301931393e-06 -2.664262153727081525e-06 -7.441420107778598201e-07
-2.279101295809400803e-03 -5.933242226648392575e-04 -1.162926223458098096e-01 1.987954053927731802e-04 1.206608134143084951e-03 -4.458372072172492317e-03 9.081564750185835630e-03 6.732615099325171956e-04 -3.671734085579434203e-05 -1.010817941467898428e-05 2.139857024951534369e-05 6.026985044340480075e-05 -2.386712492370907535e-03 -7.860817488112632756e-03 -2.540497720460558088e-05 -1.831971916948587725e-05 -1.299000387742648587e-05 -4.055141315158836875e-06 2.987542563004885695e-07 1.507899756454380300e-03 8.913437099027255329e-04 5.060956496118072974e-04 3.833910449335467541e-04 2.463018713823346005e-04 -3.233107776411867752e-05 -3.179423111420445557e-05 1.694171208328748958e-05 2.540485459212730830e-05
1.267367630154381253e-01 6.455006800260159900e-04 4.278219115039308962e-01 -2.974039139223540401e-04 -4.458372072172492317e-03 1.197789094540678390e+00 -2.717896611130608542e-01 -1.198252992234735415e-01 -5.510170321661730453e-04 -4.459223460676151746e-04 5.739673944190188098e-04 3.004702607329494575e-03 -1.935999429688377294e-02 -1.467223843196328037e-01 5.853084890082383221e-05 -2.179390293036559932e-04 -2.155077400574053671e-04 -2.013982550918825794e-04 -2.302302632383090156e-05 2.756538883674492652e-02 2.082611977653443455e-02 1.285143489611899857e-02 4.648137976045390446e-03 -6.676365125094362897e-03 -1.569392762038671876e-04 7.607955544096209235e-05 1.130728076761335034e-03 1.579896394255047350e-03
-3.966820303028872202e-02 -4.414262444155900821e-03 -5.067371512946245993e-01 1.116228954156764375e-03 9.081564750185835630e-03 -2.717896611130608542e-01 1.690451355164490910e-01 2.489203009863825977e-02 -3.301146476701067862e-04 1.354016666502916918e-04 4.738962200331162567e-04 8.505682053006074659e-04 -2.428692047284793445e-02 -2.620003131154187426e-02 -3.275996705375796496e-04 -1.284988042253481025e-04 -3.286267140286410984e-05 9.943725088160928691e-05 4.500064118158422923e-05 -5.735203602589898468e-03 -1.018195405344837767e-02 -1.192986377076941246e-02 -1.479170595068518904e-02 -1.599717727952860297e-02 -2.685796355234840085e-04 -5.543802595783717789e-05 1.235108272828078224e-03 8.753059492236236897e-04
8.870892499117427610e-02 4.495555023373095510e-02 3.271077030853357104e-01 3.534790311236469650e-03 6.732615099325171956e-04 -1.198252992234735415e-01 2.489203009863825977e-02 2.908129394499711751e+00 1.446518007814464940e-03 8.084829043344475118e-04 4.143104013574546861e-04 -8.239050645904146886e-05 -4.030780134610619653e-02 1.727957536674062378e-01 2.964246651784071401e-04 1.110978603085353183e-04 4.132266489213872373e-05 3.482167707863505863e-04 1.924075136963874729e-04 -4.062452413683489624e-03 -7.820724676559675723e-03 -8.492253116726473927e-03 -8.430655507977313431e-03 -4.977661960316151664e-03 8.792066564697671076e-04 9.706310665645292903e-04 2.463521360827990517e-03 9.537578872364530988e-04
-4.926483195547203757e-05 2.608416610020572939e-05 3.565104774864903507e-03 -4.486964109101374301e-06 -3.671734085579434203e-05 -5.510170321661730453e-04 -3.301146476701067862e-04 1.446518007814464940e-03 1.749340468928845297e-04 2.792842576118830292e-05 5.794005577035785589e-06 -7.750107752532216937e-06 8.641355795627130671e-04 -5.869612678196915040e-03 6.573906267777525251e-06 3.253749574468934717e-06 5.795539668040907179e-07 -3.091440793868314456e-06 -2.127827389008665909e-06 -1.694663231048209746e-05 -1.930572114886133905e-05 7.403194414093044846e-06 2.670260692667158180e-05 5.243828306709684336e-05 -4.022458005388133078e-05 2.499029336578978010e-05 9.786247657695692700e-06 5.396975085826688376e-06
-1.150662365989435544e-05 5.952078730604739249e-07 -1.817553071812817917e-04 -4.492071116441897500e-06 -1.010817941467898428e-05 -4.459223460676151746e-04 1.354016666502916918e-04 8.084829043344475118e-04 2.792842576118830292e-05 1.165536908981336736e-04 1.102067233379488421e-05 8.722745515466311518e-06 4.825040637748154258e-04 -6.235038014328304424e-04 1.566374756326707024e-06 3.273278952294227432e-06 1.971248275420894657e-06 -7.031246553098467272e-07 -1.706125037763690134e-06 -3.361833142288422904e-05 -2.511310366166764725e-05 -3.011716289963004388e-05 -4.144142027191188827e-05 -4.104460524728000378e-05 1.038554967030085753e-05 -4.629693856985689002e-05 1.942320934801784047e-05 1.297567360199402998e-05
6.525733867398269997e-05 -1.695991362283970325e-05 -1.805682409282276821e-04 1.698773626437060301e-06 2.139857024951534369e-05 5.739673944190188098e-04 4.738962200331162567e-04 4.143104013574546861e-04 5.794005577035785589e-06 1.102067233379488421e-05 9.751873749481743689e-05 2.851524381807396343e-05 1.007343262311338105e-04 1.718069583912043953e-03 -8.297705987921433562e-07 3.016340752188810894e-07 3.556363612991644007e-06 6.506699255642964335e-06 5.491324760303370437e-07 -1.665855125178561155e-05 -4.185735694353605102e-05 -6.348943067188529492e-05 -1.013055692474656457e-04 -1.482398820305359452e-04 1.694587948716221788e-06 7.079253425838268759e-06 -2.967541599591104427e-05 1.910100034999302336e-05
3.787770231586773504e-04 -4.174146177904485846e-05 -2.447077883809196160e-03 6.823852970361420782e-06 6.026985044340480753e-05 3.004702607329494575e-03 8.505682053006074659e-04 -8.239050645904146886e-05 -7.750107752532216937e-06 8.722745515466311518e-06 2.851524381807396343e-05 3.655092153209475139e-04 -5.447054807693567629e-04 4.252897475660999795e-04 -1.794100292116061412e-06 -1.039022550794054194e-06 9.487786908652876875e-07 1.200535107298309083e-05 8.499371724461254987e-06 2.639833528276568309e-05 -5.709820748605897486e-05 -1.199811222502548296e-04 -2.185339095234871539e-04 -3.352802592623991217e-04 2.289267914654310202e-06 1.110197877232608591e-05 5.490156490229613926e-05 -7.494290989343249220e-05
-3.377901404524018551e-04 1.130684118426851081e-03 1.688034986297431983e-01 -3.810029398340915958e-04 -2.386712492370907535e-03 -1.935999429688377294e-02 -2.428692047284793445e-02 -4.030780134610619653e-02 8.641355795627130671e-04 4.825040637748154258e-04 1.007343262311338105e-04 -5.447054807693567629e-04 5.092546546149301356e-02 1.473887062301039164e-01 8.052406974064152867e-06 -4.159550201372034530e-05 -3.403862954519113257e-05 -3.044106751721036312e-04 -1.423864103754633086e-04 -2.048813021593083681e-03 -1.697249250425421623e-04 1.154056460442192712e-03 2.042138439085742791e-03 3.522673720205380180e-03 2.094168881518495391e-04 1.774076236226848548e-04 -5.096684822329722092e-04 -3.628436961922383618e-04
-8.346361837086865160e-03 3.804465566441431450e-03 7.482620510448677598e-01 -1.461706653663225877e-03 -7.860817488112632756e-03 -1.467223843196328037e-01 -2.620003131154187426e-02 1.727957536674062378e-01 -5.869612678196915040e-03 -6.235038014328304424e-04 1.718069583912043953e-03 4.252897475660999795e-04 1.473887062301039164e-01 5.071849052317303652e+00 6.408585622719105727e-04 3.670065153556264083e-04 4.235178791337655051e-04 -9.838225759551968118e-04 -4.840861351517961671e-04 -1.015215016628409454e-02 -8.998826881713809303e-03 -4.602839464133949218e-03 -4.092129064237252575e-03 1.752448427182766628e-04 -1.374249729158673458e-03 -1.884622932221821949e-03 1.106915066801188044e-03 7.851127678595220876e-04
4.165838457851633067e-05 1.268421805753482867e-05 1.805922641275735591e-03 -2.999031932774402204e-06 -2.540497720460558088e-05 5.853084890082383221e-05 -3.275996705375796496e-04 2.964246651784071401e-04 6.573906267777525251e-06 1.566374756326707024e-06 -8.297705987921433562e-07 -1.794100292116061412e-06 8.052406974064152867e-06 6.408585622719105727e-04 5.455651583567822620e-05 6.110209050907259922e-07 1.001252602205904245e-06 2.739526856707314966e-07 5.002874528303163122e-08 1.335790685966885131e-04 6.580687427703264110e-06 2.200891406679971883e-05 3.406412610901876035e-05 4.363737196486476170e-05 2.049697944879785802e-06 3.208656637142257506e-06 -2.540422856474175996e-06 -4.918376299725734330e-06
1.036209258633386001e-05 8.502985332339736758e-06 8.172634034383750856e-04 -3.693817855673246535e-06 -1.831971916948587725e-05 -2.179390293036559932e-04 -1.284988042253481025e-04 1.110978603085353183e-04 3.253749574468934717e-06 3.273278952294227008e-06 3.016340752188810894e-07 -1.039022550794054194e-06 -4.159550201372034530e-05 3.670065153556264083e-04 6.110209050907259922e-07 4.350045734087999049e-05 8.217798944480347191e-07 8.570617381536506428e-07 4.354247600085059835e-07 -1.016515755383726938e-05 6.353739171496122003e-05 3.589339426295065794e-06 9.916650550985778471e-06 1.457225602073835389e-05 -7.265409155734138065e-07 7.046197146696269131e-07 -4.036696383543143298e-08 -2.391273882237397710e-06
1.746800291824959189e-05 6.027974787080874546e-06 7.124054860077251063e-04 -2.624031963675818577e-06 -1.299000387742648587e-05 -2.155077400574053671e-04 -3.286267140286410984e-05 4.132266489213872373e-05 5.795539668040907179e-07 1.971248275420894657e-06 3.556363612991644007e-06 9.487786908652876875e-07 -3.403862954519113257e-05 4.235178791337655051e-04 1.001252602205904245e-06 8.217798944480347191e-07 4.425026755007155301e-05 1.391765283445942428e-06 4.954669022602530576e-07 -1.640137793073161580e-05 -1.389211424383782447e-05 4.171986184867050601e-05 -9.042639356547298136e-06 -4.716937355885956418e-06 9.798785258104394893e-07 6.974476194297870921e-07 8.602254040562651941e-07 -1.508222994754650237e-06
3.367111280219923895e-05 7.833544473813375576e-06 9.619618042101597301e-04 8.640032925469625108e-07 -4.055141315158836875e-06 -2.013982550918825794e-04 9.943725088160928691e-05 3.482167707863505863e-04 -3.091440793868314456e-06 -7.031246553098467272e-07 6.506699255642964335e-06 1.200535107298309083e-05 -3.044106751721036312e-04 -9.838225759551968118e-04 2.739526856707314966e-07 8.570617381536506428e-07 1.391765283445942428e-06 8.696560940667858103e-05 2.408230574643915535e-06 -1.643569131234489135e-05 -1.099627990476147247e-05 -1.847947589481260176e-05 8.203633178578322645e-05 -2.141577513261679839e-05 3.021518653183094540e-07 3.535754218964761462e-07 1.963140147408229162e-06 1.262836872205158930e-06
2.903110186731290145e-05 5.991563840279033470e-06 2.984609772255039260e-04 1.405716145213404401e-06 2.987542563004916930e-07 -2.302302632383090833e-05 4.500064118158419535e-05 1.924075136963874458e-04 -2.127827389008666332e-06 -1.706125037763690558e-06 5.491324760303378908e-07 8.499371724461258376e-06 -1.423864103754633086e-04 -4.840861351517958418e-04 5.002874528303179666e-08 4.354247600085062482e-07 4.954669022602530576e-07 2.408230574643915535e-06 9.622167248863527976e-05 -2.243232548760351707e-06 -2.016992658405477389e-06 -4.640685381085460442e-07 -7.851347020104883432e-06 1.126822360814192279e-04 -6.464814016706741786e-07 9.132543147065404435e-07 2.855975279288474072e-06 5.367749399597940274e-07
7.514487454518944867e-04 -5.704579003780933886e-04 -2.214370323276175223e-01 3.625251605238583551e-04 1.507899756454380300e-03 2.756538883674492652e-02 -5.735203602589898468e-03 -4.062452413683489624e-03 -1.694663231048209746e-05 -3.361833142288422904e-05 -1.665855125178561155e-05 2.639833528276568309e-05 -2.048813021593083681e-03 -1.015215016628409454e-02 1.335790685966885131e-04 -1.016515755383726938e-05 -1.640137793073161580e-05 -1.643569131234489135e-05 -2.243232548760351707e-06 8.974424493537910136e-03 4.525472605401417367e-03 3.949477234337308955e-03 4.332839897939435268e-03 4.339735866239511491e-03 -2.298602837068854633e-05 -2.627409832314856925e-05 -9.419155660446766902e-05 -3.833482101249255868e-05
1.272611035796200520e-03 -2.498917859353615200e-04 -1.820420581371842150e-01 2.633891949060631807e-04 8.913437099027255329e-04 2.082611977653443455e-02 -1.018195405344837767e-02 -7.820724676559675723e-03 -1.930572114886133905e-05 -2.511310366166765064e-05 -4.185735694353605102e-05 -5.709820748605897486e-05 -1.697249250425421623e-04 -8.998826881713809303e-03 6.580687427703264110e-06 6.353739171496122003e-05 -1.389211424383782447e-05 -1.099627990476147247e-05 -2.016992658405477389e-06 4.525472605401417367e-03 7.221267271024592489e-03 4.010308113688501076e-03 4.669268772671130927e-03 4.884042737941395387e-03 -1.542068904304501109e-05 -4.947406237694547453e-05 -1.828129704586988044e-04 -9.013381180654894416e-05
7.204500890100501735e-04 -6.703728331038313079e-05 -1.443934238181808216e-01 2.015134091514956497e-04 5.060956496118076227e-04 1.285143489611899510e-02 -1.192986377076941419e-02 -8.492253116726473927e-03 7.403194414093039764e-06 -3.011716289963005066e-05 -6.348943067188530848e-05 -1.199811222502548161e-04 1.154056460442192495e-03 -4.602839464133950086e-03 2.200891406679971883e-05 3.589339426295066641e-06 4.171986184867050601e-05 -1.847947589481260176e-05 -4.640685381085460442e-07 3.949477234337308955e-03 4.010308113688501076e-03 5.975169116432727835e-03 4.737204250127999977e-03 5.159300224875026930e-03 -3.818705237952750078e-06 -4.741239754338814812e-05 -2.320045774327193528e-04 -1.486037406086881192e-04
-3.114864001409606547e-04 1.587240499881109883e-05 -1.550564363161250070e-01 2.031899647928735717e-04 3.833910449335467541e-04 4.648137976045390446e-03 -1.479170595068518904e-02 -8.430655507977313431e-03 2.670260692667158180e-05 -4.144142027191188827e-05 -1.013055692474656457e-04 -2.185339095234871539e-04 2.042138439085742791e-03 -4.092129064237252575e-03 3.406412610901876035e-05 9.916650550985778471e-06 -9.042639356547298136e-06 8.203633178578322645e-05 -7.851347020104881738e-06 4.332839897939435268e-03 4.669268772671130927e-03 4.737204250127999977e-03 8.417918327012096150e-03 6.671215430531379081e-03 8.425973385554062675e-06 -5.887486546372175844e-05 -3.493820039265388595e-04 -2.442315597965441076e-04
-2.272525989971328070e-03 1.023260163358257000e-04 -1.489747461682543184e-01 1.793936810258448704e-04 2.463018713823346005e-04 -6.676365125094362897e-03 -1.599717727952860297e-02 -4.977661960316151664e-03 5.243828306709684336e-05 -4.104460524728000378e-05 -1.482398820305359452e-04 -3.352802592623991217e-04 3.522673720205380180e-03 1.752448427182766628e-04 4.363737196486476170e-05 1.457225602073835389e-05 -4.716937355885956418e-06 -2.141577513261679839e-05 1.126822360814192279e-04 4.339735866239511491e-03 4.884042737941395387e-03 5.159300224875026930e-03 6.671215430531379081e-03 1.244686509649904800e-02 1.899572127892693566e-05 -5.952473481561695856e-05 -4.374412032639496189e-04 -3.295177926435620972e-04
3.698720353938851954e-05 1.991897945119312552e-05 3.063751897815291704e-03 -3.806849013232170399e-06 -3.233107776411867074e-05 -1.569392762038671876e-04 -2.685796355234840627e-04 8.792066564697674329e-04 -4.022458005388133078e-05 1.038554967030085753e-05 1.694587948716221576e-06 2.289267914654308932e-06 2.094168881518495933e-04 -1.374249729158673241e-03 2.049697944879785802e-06 -7.265409155734138065e-07 9.798785258104394893e-07 3.021518653183094540e-07 -6.464814016706741786e-07 -2.298602837068854633e-05 -1.542068904304501109e-05 -3.818705237952750078e-06 8.425973385554062675e-06 1.899572127892693566e-05 4.977001113804182435e-04 1.018602679576228505e-05 7.589918247858762420e-06 4.157015820438655885e-06
3.717279681870341531e-05 9.144486154201779163e-06 5.572955918392504503e-03 -3.180930014301931393e-06 -3.179423111420445557e-05 7.607955544096209235e-05 -5.543802595783717789e-05 9.706310665645292903e-04 2.499029336578978010e-05 -4.629693856985689002e-05 7.079253425838267912e-06 1.110197877232608591e-05 1.774076236226848548e-04 -1.884622932221821949e-03 3.208656637142257506e-06 7.046197146696269131e-07 6.974476194297870921e-07 3.535754218964761462e-07 9.132543147065404435e-07 -2.627409832314856925e-05 -4.947406237694547453e-05 -4.741239754338814812e-05 -5.887486546372175844e-05 -5.952473481561695856e-05 1.018602679576228505e-05 4.719622374052989569e-04 3.122084414973584643e-05 1.914578690742634956e-05
2.565971036553857170e-04 -2.327822529944102606e-05 3.254790872677445959e-03 -2.664262153727081525e-06 1.694171208328748958e-05 1.130728076761335034e-03 1.235108272828078224e-03 2.463521360827990517e-03 9.786247657695692700e-06 1.942320934801784047e-05 -2.967541599591104427e-05 5.490156490229613926e-05 -5.096684822329722092e-04 1.106915066801188044e-03 -2.540422856474175996e-06 -4.036696383543143298e-08 8.602254040562651941e-07 1.963140147408229162e-06 2.855975279288474072e-06 -9.419155660446766902e-05 -1.828129704586988044e-04 -2.320045774327193528e-04 -3.493820039265388595e-04 -4.374412032639496189e-04 7.589918247858762420e-06 3.122084414973584643e-05 4.188101455763906062e-04 7.221681527117626705e-05
2.402673166289770880e-04 -3.593541249839601680e-05 9.692199184071708480e-04 -7.441420107778595024e-07 2.540485459212730830e-05 1.579896394255047567e-03 8.753059492236239065e-04 9.537578872364528820e-04 5.396975085826690070e-06 1.297567360199402998e-05 1.910100034999301998e-05 -7.494290989343249220e-05 -3.628436961922384160e-04 7.851127678595220876e-04 -4.918376299725732636e-06 -2.391273882237397287e-06 -1.508222994754650237e-06 1.262836872205158930e-06 5.367749399597940274e-07 -3.833482101249255868e-05 -9.013381180654894416e-05 -1.486037406086881192e-04 -2.442315597965441076e-04 -3.295177926435620972e-04 4.157015820438655885e-06 1.914578690742634956e-05 7.221681527117626705e-05 4.310932041675662229e-04
