2.711093e-15 1.238782e-16 -1.334436e-17 3.816747e-17 -1.431984e-18 -2.463931e-17 3.504137e-18 -1.125536e-17 8.051846e-18 -4.398060e-18 -4.846724e-18 4.562485e-17 1.704419e-18 -3.587329e-18
1.238782e-16 8.550856e-16 -4.814604e-17 8.083736e-18 2.415190e-17 1.960215e-17 -8.558346e-18 3.183610e-18 1.362426e-17 6.062429e-18 -1.033571e-17 -2.416813e-18 3.058676e-18 5.773884e-18
-1.334436e-17 -4.814604e-17 3.961374e-16 1.655918e-17 -9.510856e-19 7.779521e-18 5.393951e-18 7.522326e-18 2.229679e-18 -2.575746e-18 -1.643069e-17 -2.700604e-18 -1.031600e-17 4.919378e-18
3.816747e-17 8.083736e-18 1.655918e-17 1.665569e-16 1.728120e-17 1.886679e-18 -9.066166e-18 6.743656e-18 -3.904087e-18 4.620098e-18 -5.537868e-18 1.544184e-18 2.209792e-18 1.617801e-18
-1.431984e-18 2.415190e-17 -9.510856e-19 1.728120e-17 9.597230e-17 5.400684e-18 1.662861e-18 4.195060e-18 -4.384155e-18 -1.136857e-18 -1.519102e-18 2.111780e-19 2.127372e-18 6.499409e-19
-2.463931e-17 1.960215e-17 7.779521e-18 1.886679e-18 5.400684e-18 8.293401e-17 2.646548e-18 3.029900e-18 -1.848598e-18 -1.748485e-18 -4.635784e-18 -3.901323e-18 -3.235313e-18 -3.173739e-20
3.504137e-18 -8.558346e-18 5.393951e-18 -9.066166e-18 1.662861e-18 2.646548e-18 5.310921e-17 4.804712e-18 6.788777e-19 4.262220e-18 5.397044e-19 1.840575e-19 7.331772e-19 2.410643e-18
-1.125536e-17 3.183610e-18 7.522326e-18 6.743656e-18 4.195060e-18 3.029900e-18 4.804712e-18 4.125735e-17 7.464843e-19 3.342462e-18 -1.521569e-19 -2.827832e-20 1.091239e-18 -1.650531e-18
8.051846e-18 1.362426e-17 2.229679e-18 -3.904087e-18 -4.384155e-18 -1.848598e-18 6.788777e-19 7.464843e-19 4.049305e-17 1.250749e-18 -1.617056e-18 2.697724e-18 1.397841e-18 -5.231411e-19
-4.398060e-18 6.062429e-18 -2.575746e-18 4.620098e-18 -1.136857e-18 -1.748485e-18 4.262220e-18 3.342462e-18 1.250749e-18 2.828877e-17 4.378990e-18 1.927231e-18 2.220688e-18 1.940757e-18
-4.846724e-18 -1.033571e-17 -1.643069e-17 -5.537868e-18 -1.519102e-18 -4.635784e-18 5.397044e-19 -1.521569e-19 -1.617056e-18 4.378990e-18 2.586143e-17 -2.021066e-18 6.791672e-19 6.503937e-19
4.562485e-17 -2.416813e-18 -2.700604e-18 1.544184e-18 2.111780e-19 -3.901323e-18 1.840575e-19 -2.827832e-20 2.697724e-18 1.927231e-18 -2.021066e-18 2.117605e-17 2.203393e-18 1.503398e-18
1.704419e-18 3.058676e-18 -1.031600e-17 2.209792e-18 2.127372e-18 -3.235313e-18 7.331772e-19 1.091239e-18 1.397841e-18 2.220688e-18 6.791672e-19 2.203393e-18 1.719732e-17 1.846300e-18
-3.587329e-18 5.773884e-18 4.919378e-18 1.617801e-18 6.499409e-19 -3.173739e-20 2.410643e-18 -1.650531e-18 -5.231411e-19 1.940757e-18 6.503937e-19 1.503398e-18 1.846300e-18 6.740853e-18
