1.582816e-15 1.431804e-16 7.165668e-18 -1.680186e-17 2.031711e-18 -1.008483e-17 1.002135e-17 1.344580e-18 9.440574e-18 -1.232221e-17 -2.689410e-18 1.662705e-17 -1.875311e-18 -7.587885e-18
1.431804e-16 5.514148e-16 7.967842e-19 6.694671e-19 -9.217549e-18 3.665122e-18 -7.471536e-18 8.810173e-18 1.432218e-17 1.070625e-17 -9.743298e-18 -1.350076e-18 -5.625580e-18 6.787323e-19
7.165668e-18 7.967842e-19 2.669010e-16 1.518248e-18 3.949837e-18 -3.136510e-18 -4.293128e-18 -3.913329e-18 -3.209983e-18 -9.898073e-19 -1.040752e-17 -1.815529e-19 -5.367345e-18 4.108167e-18
-1.680186e-17 6.694671e-19 1.518248e-18 9.836785e-17 1.169879e-17 2.121253e-19 1.105496e-18 2.696660e-18 -1.277689e-19 1.450828e-18 -4.654261e-18 1.126931e-18 2.434722e-18 2.275293e-18
2.031711e-18 -9.217549e-18 3.949837e-18 1.169879e-17 5.721221e-17 3.974890e-18 4.124837e-18 1.913973e-18 -7.536153e-18 -6.716312e-20 1.938539e-19 -1.367179e-18 3.143364e-18 -9.958540e-19
-1.008483e-17 3.665122e-18 -3.136510e-18 2.121253e-19 3.974890e-18 4.825309e-17 -9.191929e-19 7.724547e-19 -7.401411e-19 3.117089e-18 -1.496621e-18 -3.880896e-18 -1.814263e-18 1.802051e-19
1.002135e-17 -7.471536e-18 -4.293128e-18 1.105496e-18 4.124837e-18 -9.191929e-19 4.057191e-17 2.023518e-18 7.399776e-19 3.158903e-19 2.531496e-19 5.793208e-19 2.806419e-19 6.954108e-19
1.344580e-18 8.810173e-18 -3.913329e-18 2.696660e-18 1.913973e-18 7.724547e-19 2.023518e-18 3.261437e-17 7.165995e-19 2.489158e-18 1.317037e-18 4.698738e-19 2.496971e-19 -9.367306e-19
9.440574e-18 1.432218e-17 -3.209983e-18 -1.277689e-19 -7.536153e-18 -7.401411e-19 7.399776e-19 7.165995e-19 3.536438e-17 2.841308e-18 -1.959571e-18 2.918331e-18 1.207701e-18 8.210582e-19
-1.232221e-17 1.070625e-17 -9.898073e-19 1.450828e-18 -6.716312e-20 3.117089e-18 3.158903e-19 2.489158e-18 2.841308e-18 2.342212e-17 2.536955e-18 9.976826e-19 2.211362e-18 1.369550e-18
-2.689410e-18 -9.743298e-18 -1.040752e-17 -4.654261e-18 1.938539e-19 -1.496621e-18 2.531496e-19 1.317037e-18 -1.959571e-18 2.536955e-18 2.208264e-17 -1.624450e-18 8.556950e-19 4.628565e-19
1.662705e-17 -1.350076e-18 -1.815529e-19 1.126931e-18 -1.367179e-18 -3.880896e-18 5.793208e-19 4.698738e-19 2.918331e-18 9.976826e-19 -1.624450e-18 1.942622e-17 7.728360e-19 1.320148e-18
-1.875311e-18 -5.625580e-18 -5.367345e-18 2.434722e-18 3.143364e-18 -1.814263e-18 2.806419e-19 2.496971e-19 1.207701e-18 2.211362e-18 8.556950e-19 7.728360e-19 1.673750e-17 1.592806e-18
-7.587885e-18 6.787323e-19 4.108167e-18 2.275293e-18 -9.958540e-19 1.802051e-19 6.954108e-19 -9.367306e-19 8.210582e-19 1.369550e-18 4.628565e-19 1.320148e-18 1.592806e-18 6.120813e-18
